0
1
2
3
4
5
6
7
8
9
10
11
12
13
14
15
16
17
18
19
20
21
22
23
24
25
26
27
28
29
30
31
32
33
34
35
36
37
38
39
40
41
42
43
44
45
46
47
48
1
3
5
7
9
11
15
17
19
21
23
25
29
31
33
35
37
39
43
45
47
49
51
53
57
59
61
63
65
67
71
73
75
77
79
81
85
87
89
91
93
95
3
6
9
12
15
24
27
30
33
36
45
48
51
54
57
66
69
72
75
78
87
90
93
96
99
108
111
114
117
120
129
132
135
138
141
6
10
14
18
34
38
42
46
62
66
70
74
90
94
98
102
118
122
126
130
146
150
154
158
174
178
182
186
10
15
20
45
50
55
80
85
90
115
120
125
150
155
160
185
190
195
220
225
230
15
21
57
63
99
105
141
147
183
189
225
231
267
273
21
70
119
168
217
266
315
7
9
11
13
15
17
19
21
23
25
27
29
31
33
35
37
39
41
43
45
47
49
51
53
55
57
59
61
63
65
67
69
71
73
75
77
79
81
83
85
87
89
16
20
24
28
32
36
44
48
52
56
60
64
72
76
80
84
88
92
100
104
108
112
116
120
128
132
136
140
144
148
156
160
164
168
172
176
27
33
39
45
51
69
75
81
87
93
111
117
123
129
135
153
159
165
171
177
195
201
207
213
219
237
243
249
255
261
40
48
56
64
96
104
112
120
152
160
168
176
208
216
224
232
264
272
280
288
320
328
336
344
55
65
75
125
135
145
195
205
215
265
275
285
335
345
355
405
415
425
72
84
156
168
240
252
324
336
408
420
492
504
91
189
287
385
483
581
21
24
27
30
33
36
39
42
45
48
51
54
57
60
63
66
69
72
75
78
81
84
87
90
93
96
99
102
105
108
111
114
117
120
123
45
51
57
63
69
75
87
93
99
105
111
117
129
135
141
147
153
159
171
177
183
189
195
201
213
219
225
231
237
243
72
81
90
99
108
135
144
153
162
171
198
207
216
225
234
261
270
279
288
297
324
333
342
351
360
102
114
126
138
186
198
210
222
270
282
294
306
354
366
378
390
438
450
462
474
135
150
165
240
255
270
345
360
375
450
465
480
555
570
585
171
189
297
315
423
441
549
567
675
693
210
357
504
651
798
42
46
50
54
58
62
66
70
74
78
82
86
90
94
98
102
106
110
114
118
122
126
130
134
138
142
146
150
88
96
104
112
120
128
144
152
160
168
176
184
200
208
216
224
232
240
256
264
272
280
288
296
138
150
162
174
186
222
234
246
258
270
306
318
330
342
354
390
402
414
426
438
192
208
224
240
304
320
336
352
416
432
448
464
528
544
560
576
250
270
290
390
410
430
530
550
570
670
690
710
312
336
480
504
648
672
816
840
378
574
770
966
70
75
80
85
90
95
100
105
110
115
120
125
130
135
140
145
150
155
160
165
170
145
155
165
175
185
195
215
225
235
245
255
265
285
295
305
315
325
335
225
240
255
270
285
330
345
360
375
390
435
450
465
480
495
310
330
350
370
450
470
490
510
590
610
630
650
400
425
450
575
600
625
750
775
800
495
525
705
735
915
945
595
840
1085
105
111
117
123
129
135
141
147
153
159
165
171
177
183
216
228
240
252
264
276
300
312
324
336
348
360
333
351
369
387
405
459
477
495
513
531
456
480
504
528
624
648
672
696
585
615
645
795
825
855
720
756
972
1008
861
1155
147
154
161
168
175
182
189
301
315
329
343
357
371
462
483
504
525
546
630
658
686
714
805
840
875
987
1029
1176
