999
10000000
0 0 1000 1000 758343
454 394 479 914 102196
395 216 544 919 24238
474 446 921 959 588139
605 4 839 293 27550
34 167 883 267 118483
112 160 214 542 119794
503 84 589 556 634404
822 191 943 984 186693
342 76 708 935 166834
294 58 550 934 12538
112 156 641 369 464262
423 684 505 767 394648
20 177 758 691 939148
891 751 992 1001 310023
301 9 890 61 347342
50 476 413 506 83702
78 658 590 879 191661
344 148 812 958 307858
586 221 644 396 800484
22 314 664 896 374974
750 536 872 862 170978
572 143 654 267 731269
294 495 487 774 698785
730 516 955 590 688537
7 99 170 476 840997
370 164 783 438 187913
639 395 732 476 94057
575 125 622 893 347581
298 438 595 535 381412
837 36 886 886 374682
653 394 762 836 276804
536 217 890 431 933456
148 96 685 253 433957
209 108 930 633 777227
655 184 885 767 36820
198 39 884 880 516710
654 548 792 572 319446
102 137 864 585 159440
490 669 679 795 309203
126 418 580 869 93665
291 79 772 884 266069
301 59 362 324 905565
640 326 845 812 843312
99 243 494 472 720572
766 217 869 856 140890
492 252 681 453 963135
137 431 247 440 528039
260 611 390 767 581166
539 779 958 869 174726
647 237 848 428 195733
67 79 180 913 905754
722 319 823 891 497319
369 363 556 899 336981
285 436 554 479 889687
62 42 516 931 11101
47 810 653 905 673093
5 92 308 527 942601
373 284 838 935 161072
92 202 716 349 440330
254 256 549 850 677665
749 355 853 395 448204
433 335 556 831 486061
347 9 991 244 708563
96 278 318 435 190457
526 257 530 885 244120
16 265 474 687 768879
73 370 824 482 756980
909 144 944 666 538423
663 567 840 888 706764
513 312 719 336 702984
178 139 857 920 501666
353 707 707 790 967801
88 440 122 585 608378
856 669 974 876 675958
41 473 651 951 700442
807 181 853 593 82287
782 951 934 1001 593176
57 147 59 670 79831
517 103 858 152 795140
159 52 277 765 36361
660 22 920 424 733731
512 534 786 928 361968
564 447 703 564 415034
610 246 630 277 394503
367 47 415 574 647914
286 7 875 405 252178
180 154 877 361 622934
395 4 788 36 86301
419 80 977 729 840407
383 280 533 345 399688
92 145 508 775 922037
117 544 615 726 185630
618 3 929 698 893532
170 240 606 254 928099
135 146 253 396 780335
89 949 114 994 790118
258 18 882 442 824687
568 209 986 241 611949
79 347 674 757 209550
535 246 892 326 202076
224 315 900 780 48000
220 613 511 824 301370
283 210 451 514 187842
65 334 978 531 30119
396 263 903 382 28196
419 331 679 663 825830
57 439 383 658 955474
778 280 798 374 567751
204 557 864 812 862284
106 570 929 843 749502
358 323 676 551 850575
133 218 877 434 139122
278 702 800 894 812281
405 601 442 783 100299
557 261 565 874 361431
435 64 449 297 220346
510 739 992 767 991726
772 249 861 572 375921
202 236 632 849 248381
67 63 804 98 184924
173 284 211 400 663914
64 189 330 511 638096
24 37 117 359 345303
770 441 836 804 65245
459 146 762 486 525860
21 317 878 505 148206
792 534 874 689 580554
488 727 684 728 336074
76 737 641 879 254486
91 655 445 842 867958
33 32 500 419 225288
322 255 623 633 373420
377 77 653 895 804615
80 363 745 626 379153
745 129 831 556 677878
70 433 696 476 849068
367 536 933 964 286856
396 69 737 789 986721
345 362 673 568 208162
331 502 950 578 351947
657 128 894 991 119950
649 388 714 729 881366
16 20 856 354 440488
248 414 910 451 301754
578 145 891 276 742298
204 423 603 486 646368
206 259 975 976 326886
233 280 322 727 423412
410 42 776 824 296332
270 393 878 575 713006
348 828 887 970 313795
340 734 367 806 766300
531 389 550 422 451844
236 173 289 597 208534
153 418 591 445 948871
471 22 690 321 131573
34 446 230 769 124160
498 706 508 824 409144
125 343 726 710 540857
396 674 434 827 613908
618 577 995 595 736088
387 215 921 835 534418
18 47 260 213 968356
625 58 883 216 332357
948 173 972 451 642994
756 751 798 927 975703
274 7 684 553 997849
704 229 877 514 38952
144 332 921 433 244946
130 626 682 813 454951
651 637 666 793 207772
43 566 568 705 527959
637 968 972 993 679016
521 841 562 884 779781
22 94 761 170 292113
681 203 928 770 427055
349 155 723 574 496223
492 759 921 958 95641
540 187 665 804 354958
409 156 919 334 412176
125 621 823 734 169114
472 72 637 313 952430
307 760 653 802 192626
73 130 111 716 653938
531 377 950 760 529464
52 73 655 120 886349
249 272 362 453 756216
218 64 687 100 170518
104 38 795 331 481095
219 597 795 687 613964
598 22 808 252 781328
133 129 339 425 70395
59 282 792 866 257735
449 437 585 502 384664
731 222 791 746 86039
434 537 449 832 174424
157 16 821 410 415022
354 277 412 816 618558
423 442 571 704 635654
63 486 97 497 498079
464 148 722 957 862498
25 516 844 770 183597
519 71 902 610 242124
280 4 789 262 90693
58 459 81 698 811602
615 241 977 248 4698
602 264 738 390 245524
944 795 997 953 796553
538 440 862 529 195367
431 360 821 517 744386
318 899 383 995 441154
825 458 963 986 888357
176 457 788 670 642095
651 394 898 604 222093
476 715 722 741 214296
181 525 721 852 177741
68 194 833 412 156997
216 125 393 642 877606
632 6 812 28 867596
243 511 811 742 416038
104 158 392 779 763759
55 83 692 136 592837
181 212 479 869 704501
227 750 927 900 116192
212 167 220 348 627681
555 224 639 313 303302
593 45 896 262 535857
673 541 989 586 730385
674 348 875 611 113256
268 807 530 903 984194
880 693 906 881 186720
257 217 695 994 561432
655 502 829 730 377950
764 120 768 409 479666
345 10 513 661 152199
233 376 489 840 947837
15 592 112 724 273746
798 400 928 957 102965
553 416 873 519 739609
585 5 782 387 361988
107 43 974 582 823923
257 481 355 970 662713
5 543 888 678 285563
265 101 328 173 762405
75 37 481 786 843409
93 182 270 926 423200
42 784 898 970 244239
430 341 892 644 906918
143 348 874 642 850714
75 68 630 986 240420
40 12 694 379 776646
651 242 812 597 119915
576 169 907 426 760279
657 503 801 567 936725
365 216 849 742 158806
202 863 972 943 641342
533 485 926 620 888375
579 485 669 700 466120
282 787 662 929 77104
496 59 704 731 940086
665 76 907 718 825793
589 274 984 919 750581
102 323 664 474 932235
833 682 869 781 967436
497 57 842 70 911479
375 142 918 816 829778
283 409 676 725 240646
186 55 972 396 352043
812 62 988 879 20784
43 86 683 965 627993
549 10 569 733 485892
771 224 931 843 237553
152 22 985 673 203750
238 15 267 448 755420
67 81 654 521 923301
475 495 725 660 545546
855 663 979 784 845467
275 396 397 514 438277
117 352 921 489 682279
63 666 375 985 226058
181 39 816 170 959092
325 566 955 681 578602
710 157 721 761 193509
499 466 785 651 411891
620 338 740 756 686644
188 465 412 983 186736
40 765 61 789 479642
425 284 624 662 900922
12 415 764 468 747868
69 192 572 868 778100
494 266 538 997 806353
280 296 885 618 490729
190 249 708 470 1719
607 319 975 551 417638
503 45 596 923 176321
284 75 906 580 196186
38 277 416 400 304139
391 372 991 985 747966
116 189 170 886 253445
658 10 747 841 123988
842 40 891 212 342292
124 265 382 655 795540
158 437 822 499 193788
153 723 721 946 244244
24 647 352 852 194181
44 679 222 967 365978
391 9 566 602 852483
167 17 252 798 870135
254 654 312 659 676366
312 553 983 927 333093
688 4 861 251 361183
174 82 953 649 341978
332 692 954 941 650093
251 736 315 849 965789
238 208 245 477 792378
738 338 931 722 45527
609 251 638 898 433101
309 227 873 941 791564
386 377 455 516 33852
36 32 162 832 342325
445 83 835 917 243863
320 330 459 836 909941
690 185 935 372 352916
122 130 840 233 891865
91 688 443 850 770609
101 492 612 605 480429
213 884 622 964 924199
296 31 882 154 886184
17 18 825 755 501422
64 187 209 640 434091
299 660 821 679 483024
26 501 985 699 17221
112 509 422 751 235963
49 545 743 831 664345
414 206 985 849 41248
302 181 617 437 201134
28 633 159 740 228281
335 246 733 760 754
112 387 777 960 656184
375 825 466 876 581301
278 74 703 236 603256
43 78 851 256 602705
617 338 626 900 582486
593 628 764 963 949980
517 641 713 960 612524
748 293 789 906 853394
159 16 536 96 639665
110 13 772 806 342520
100 265 457 519 948910
263 517 493 557 795915
225 292 725 346 448538
69 477 685 834 85104
157 238 340 426 590943
237 261 790 685 335978
717 35 752 909 802811
561 630 910 944 464008
350 329 810 973 268867
469 425 531 611 904830
96 184 900 416 757431
340 151 602 464 417290
101 397 231 803 348976
99 370 823 928 736463
654 565 901 581 430635
19 131 867 457 209249
833 253 949 622 420175
213 291 834 750 25436
67 500 497 932 440633
290 445 762 492 599979
773 281 1001 529 391844
63 185 220 655 670150
8 550 474 777 126675
20 91 298 947 132133
481 5 800 287 852769
572 130 693 796 382976
233 118 926 214 2113
706 601 967 880 68451
1 164 837 435 603774
222 324 318 486 361599
708 338 889 503 57033
55 171 66 746 368273
704 526 758 874 675874
724 331 991 355 333663
1 230 861 1001 842878
325 631 857 980 697042
655 749 982 794 23606
98 373 285 943 415929
251 757 959 918 358602
151 571 346 688 383036
608 115 986 591 342295
112 4 378 270 743325
267 349 271 418 648375
397 157 539 550 832667
242 867 518 984 661609
214 47 575 607 394169
489 462 751 738 498231
451 24 558 836 640666
592 292 851 848 314698
461 57 526 379 466873
87 715 739 962 61062
735 367 737 418 853672
895 79 950 276 827877
129 33 861 584 198760
314 299 846 986 441849
744 617 912 763 593786
181 215 1000 825 679683
282 469 798 924 1719
132 277 446 510 12918
284 246 841 561 476776
375 47 989 880 176375
121 807 363 995 429766
774 396 811 530 228591
248 397 423 659 645102
156 15 414 171 965553
220 87 728 460 286782
394 622 849 646 544864
713 109 758 538 683356
334 130 798 534 927196
501 353 646 557 915352
106 860 461 934 876877
246 413 710 877 352905
148 76 720 388 554105
445 479 768 815 558104
385 540 885 940 938855
438 448 534 827 532369
286 468 500 983 393729
156 652 289 916 797121
166 326 868 907 949539
1 165 722 478 375076
259 117 584 678 58376
757 414 997 991 301638
707 49 909 178 412003
145 634 978 716 995080
632 656 805 682 876791
258 608 679 965 606214
23 412 110 916 797108
530 738 670 981 682398
606 207 655 378 566390
181 546 237 639 845927
17 566 126 576 793796
338 241 630 409 623834
339 268 418 959 684965
257 314 445 440 751064
19 129 82 398 496927
172 571 380 719 873069
535 205 735 963 290839
145 413 455 575 835951
292 8 895 130 791286
569 288 809 354 554335
381 485 773 557 227965
367 559 477 574 105966
347 273 612 485 412468
645 414 829 979 119694
914 226 986 528 95022
457 663 722 850 796957
735 116 821 246 702729
595 61 607 963 356369
693 237 866 397 951763
131 519 853 633 327105
735 695 911 864 486561
379 443 603 894 952416
602 621 958 633 59892
198 527 353 782 212021
412 350 567 890 315861
50 164 332 616 140360
769 452 918 554 387018
485 252 565 657 687693
236 557 613 855 913979
589 238 692 864 487815
390 540 842 759 854724
193 673 567 737 905509
57 184 553 585 314526
421 72 981 183 200320
723 377 782 748 326659
53 457 928 896 100913
250 140 594 481 677010
347 466 421 604 914043
217 316 459 730 209125
466 81 514 855 820043
215 817 955 849 455376
46 84 758 500 439344
544 583 591 875 451403
207 252 266 743 343936
149 399 348 426 978756
340 133 724 265 410251
382 133 502 501 495165
199 118 324 811 996957
615 541 795 558 790833
103 189 575 650 107580
291 688 585 921 16353
363 497 990 607 887479
135 769 790 947 838922
469 217 601 757 397337
26 39 727 460 593961
191 410 464 970 783399
285 151 364 753 448784
643 398 992 612 391754
617 154 814 995 93774
655 801 996 908 352458
298 363 501 703 57913
769 111 903 355 701886
98 133 240 870 502246
427 783 904 816 852855
381 204 635 966 91349
61 7 294 773 348738
216 581 317 599 824496
354 329 446 552 52629
91 527 893 907 480891
33 758 514 894 634625
653 779 935 796 203960
180 304 288 724 301074
728 275 785 369 880503
891 25 892 659 405317
103 489 861 964 925075
102 237 951 658 87383
66 2 451 194 955837
37 463 386 745 905946
383 12 613 339 644106
664 578 900 764 145472
207 651 239 1000 817104
239 602 746 847 18362
632 47 765 935 225492
248 23 865 106 808742
241 39 411 840 654459
451 566 588 706 90557
410 61 580 368 207818
723 66 859 743 545282
669 539 817 827 199651
349 570 655 645 83509
32 110 566 295 157095
146 119 171 219 919288
354 260 601 851 456593
36 92 152 270 217902
775 133 841 653 437317
288 459 947 902 575795
3 602 22 933 199357
372 296 552 503 661346
47 559 833 610 445739
255 375 850 993 300887
929 150 966 723 50558
947 575 950 711 990668
568 221 843 882 271960
441 268 450 878 799065
639 163 744 535 436974
333 248 593 543 531226
215 635 795 909 424467
353 12 396 415 678735
462 3 470 496 355071
424 322 772 708 43534
728 906 754 945 364940
318 61 977 473 232742
485 730 898 810 745891
71 23 211 653 55122
224 625 829 831 199038
240 116 993 223 144633
384 195 987 236 412315
97 166 552 215 45364
89 439 613 767 142209
232 505 868 879 373553
380 132 778 585 268741
148 64 826 235 247920
24 47 132 435 450010
308 103 428 508 573314
29 802 177 948 931061
351 334 972 590 956557
198 321 672 935 995817
401 282 552 771 814264
597 639 954 871 241790
387 289 995 914 265557
350 247 601 871 878876
842 339 864 844 249676
549 503 655 557 906940
371 454 549 615 829406
113 31 867 179 712731
386 252 581 703 203625
583 883 771 936 52881
52 480 602 691 688321
61 55 344 738 633326
5 196 847 818 85755
357 4 571 198 152392
394 634 528 729 178073
197 152 583 419 453809
226 627 573 989 855255
24 173 345 361 527326
300 335 854 505 150709
104 266 670 792 482891
324 106 807 363 733202
785 557 948 713 729802
13 137 1001 299 990090
512 233 612 385 798487
400 51 514 417 296486
518 244 673 471 431276
462 163 860 250 989714
144 678 580 741 644058
1 57 197 377 505101
195 12 539 54 69888
67 963 231 972 160178
219 808 977 903 46354
689 33 791 548 523071
110 30 274 187 796626
355 42 660 340 238703
95 34 423 885 996226
151 297 189 803 785333
192 378 764 717 156849
575 103 626 382 240089
11 534 938 685 936810
644 213 960 962 24408
317 353 601 611 118363
35 113 611 216 690937
626 942 902 966 418997
804 85 991 114 935221
339 534 794 631 448180
289 208 595 514 339627
761 258 784 299 112833
13 38 254 571 574869
58 48 932 438 742801
431 6 670 468 628320
331 680 630 963 926077
438 175 687 734 703267
127 757 367 872 203803
339 131 457 687 424288
436 569 542 703 233053
802 126 807 204 891855
320 5 626 392 817956
381 11 930 980 223454
593 659 746 807 156367
289 182 937 999 868698
64 3 607 731 698199
675 836 813 936 322852
435 67 466 313 393598
802 47 819 530 986734
67 492 535 956 276539
32 442 179 910 312630
160 395 945 440 588155
406 46 555 549 314713
770 379 985 766 898461
547 822 598 999 41172
114 194 499 344 686936
242 649 277 766 20874
102 321 684 910 939147
164 297 670 383 516734
202 878 974 896 529311
47 355 610 713 925233
500 247 933 528 349343
130 258 180 501 890018
664 387 960 955 233471
920 748 968 893 37650
86 573 793 922 705361
357 195 642 802 885922
497 530 763 610 582928
708 368 771 647 359153
40 3 414 961 998535
251 25 254 476 791609
384 882 716 964 544617
119 560 834 733 49485
118 457 170 597 527021
505 280 762 845 834058
2 571 277 763 145697
13 478 243 727 595716
686 216 866 427 737367
445 361 684 818 651347
515 107 987 280 643986
274 849 793 958 37198
319 36 703 207 897738
55 38 786 675 150749
508 238 933 300 594224
8 50 575 172 687624
228 646 958 838 996099
83 624 564 625 597496
750 589 785 763 744071
397 447 710 752 885420
294 260 769 299 130289
336 161 938 179 554922
690 24 955 456 64742
114 80 492 326 248605
332 549 702 662 223626
40 144 817 872 184358
192 59 267 100 147672
306 755 583 821 899486
522 34 599 224 439457
686 94 811 629 882283
143 348 588 353 468896
273 337 728 562 626098
674 344 785 936 99266
482 199 873 795 357364
158 281 370 358 760431
810 190 842 200 530078
50 597 283 779 560394
128 779 992 918 751385
471 498 826 560 941976
582 540 655 649 677855
176 821 827 863 128283
145 567 738 781 270950
196 574 268 622 85013
110 527 862 848 908999
773 287 793 326 58189
550 471 664 706 726930
354 408 619 866 488631
191 179 767 577 696950
427 95 635 918 602663
367 757 748 838 618349
470 72 812 804 660190
834 523 885 892 936253
446 93 695 765 679798
3 714 837 722 811942
517 571 524 585 137182
12 289 147 329 193518
316 58 742 773 802491
518 664 727 810 947782
278 749 865 936 855537
671 293 973 466 261143
405 169 635 265 899912
639 244 933 771 29919
139 266 608 644 165875
124 140 584 637 886140
489 756 732 982 401948
278 136 955 788 212931
97 194 714 772 178453
953 70 969 493 521249
364 370 842 923 268354
591 259 814 802 702586
769 734 773 943 819753
260 491 550 780 311179
726 72 867 970 506733
387 323 973 868 828667
558 225 784 276 139064
313 152 894 867 283424
404 289 962 840 511769
66 151 251 631 516413
302 229 909 963 463936
89 12 528 409 842443
322 338 869 914 981704
50 260 959 968 958393
281 642 946 912 783986
317 582 976 970 456728
37 217 726 803 437014
493 842 649 932 829791
481 125 591 646 446539
5 549 530 752 335700
278 157 906 239 399837
135 283 175 328 409584
283 611 647 713 804407
644 569 817 603 492147
440 276 496 547 662482
242 307 646 531 947761
192 494 742 781 884963
313 99 845 325 619895
607 252 882 606 325102
509 301 999 543 389003
693 392 787 807 697551
510 690 689 993 98713
145 216 639 891 866841
404 3 928 988 344377
41 373 614 573 634170
10 163 461 497 875324
796 256 898 922 128011
709 35 770 64 261443
365 109 508 168 382557
469 460 839 617 206967
512 39 819 51 975759
33 4 535 601 82887
2 507 299 836 182355
857 502 875 848 341553
383 157 929 408 983378
284 578 879 902 116653
564 17 680 274 390192
210 138 797 905 822931
81 299 137 373 62277
301 494 844 759 131503
35 19 838 907 287743
134 183 199 715 187418
935 239 1000 401 587262
87 560 275 876 185572
348 253 369 731 779614
965 601 976 943 284315
180 333 522 528 100117
279 681 709 819 275100
675 634 782 893 699883
373 399 476 930 87333
776 68 927 84 439096
793 26 986 826 75573
311 377 857 499 997156
222 821 838 855 416150
749 444 849 587 950008
417 364 845 813 695702
16 302 701 593 29588
365 301 836 312 410544
229 783 859 866 784230
86 33 392 111 590560
172 862 803 904 343073
366 678 463 761 962610
690 518 770 709 109062
976 83 1000 537 681193
167 33 927 810 972026
302 110 860 816 516916
249 720 409 737 621153
651 614 925 934 840343
371 417 806 472 865543
429 86 693 619 242226
145 170 880 290 304252
345 137 675 728 371154
491 325 792 439 952114
362 292 518 466 857050
525 51 989 466 460187
360 643 791 848 241720
71 650 141 817 301977
231 254 952 593 992720
136 328 609 380 7286
149 192 991 858 650866
132 74 369 852 324583
550 243 929 511 754498
222 75 772 436 723704
400 690 791 766 249873
8 314 577 766 670379
60 470 497 759 279491
755 223 817 472 815671
170 61 840 662 206695
326 326 438 731 904502
219 488 898 803 335613
579 332 701 656 975287
351 151 365 197 823148
838 799 962 916 506208
30 806 911 823 346761
462 55 773 227 805170
411 451 977 841 327812
594 243 730 488 763995
547 468 734 469 801148
392 607 815 778 430226
265 349 784 391 906742
930 198 946 639 114389
566 25 966 914 889705
715 366 746 649 581436
34 573 868 798 565082
672 201 754 339 755858
136 288 665 903 500506
456 302 703 492 656837
595 619 941 982 786270
91 475 522 635 879564
25 230 576 368 334753
152 923 855 940 344386
445 551 524 611 876968
428 368 854 900 53439
411 204 455 698 502443
150 596 754 597 525467
262 498 421 980 354180
514 524 974 758 439690
796 674 888 961 475861
82 400 218 427 957511
299 207 978 427 154055
522 176 526 931 943948
937 221 942 985 507736
7 287 786 924 633144
644 233 833 235 687145
701 70 877 881 946388
230 300 802 313 430488
360 896 455 987 18455
821 497 875 993 409100
406 760 757 785 753662
256 326 839 379 78289
69 804 781 877 274709
602 370 960 447 53328
782 935 908 944 274094
254 622 369 734 956494
155 99 332 272 729802
498 127 691 219 605842
156 138 587 215 822927
668 530 742 749 803269
917 29 972 644 129753
456 177 547 653 861783
528 192 712 791 816935
52 161 616 612 57015
150 111 450 452 455035
132 342 279 689 944006
666 10 716 296 244163
189 92 535 257 899966
572 377 794 599 972361
648 117 987 254 43168
188 474 290 783 584592
305 406 822 675 14990
332 194 468 841 461222
354 164 890 757 544422
815 378 923 888 906677
718 376 922 967 416321
732 744 997 817 9612
416 477 890 900 968897
464 317 562 608 431049
368 101 661 165 909005
164 154 703 994 133665
240 418 418 512 586872
23 87 677 175 47758
74 95 728 164 124884
576 193 966 351 413439
9 60 169 926 263994
553 244 846 293 456780
187 4 840 78 92487
273 141 880 432 423289
974 889 987 951 13678
14 77 420 528 552565
18 163 345 501 576618
362 565 836 920 661634
108 273 157 900 634338
987 397 998 870 525582
368 366 794 586 464648
659 156 900 411 765706
270 132 448 749 10579
358 327 833 950 735297
145 82 229 567 155862
787 531 948 712 28531
18 147 114 994 765106
411 634 732 717 712605
326 341 524 934 302876
777 345 811 736 404840
257 619 771 836 365872
787 193 814 373 684869
594 121 713 439 361139
431 483 465 518 654148
458 422 696 466 938037
891 508 906 978 258224
107 252 635 644 138247
30 587 441 790 293039
60 157 474 602 971411
518 801 661 934 507547
350 244 383 361 13625
247 322 600 589 695353
121 103 762 404 592255
107 80 921 916 915313
579 696 978 750 426427
567 110 650 957 384123
266 442 267 958 499803
502 278 788 696 824163
720 576 982 764 809884
426 243 492 361 638291
256 350 420 944 544517
438 125 498 820 520724
256 122 465 798 722515
98 283 600 339 462487
333 6 955 450 284302
132 336 651 561 558647
469 643 575 679 568446
248 824 950 920 569327
320 17 321 126 613840
633 491 753 716 794832
180 129 944 396 961883
15 711 433 869 926958
335 185 608 915 167996
775 422 949 929 214732
479 433 630 805 166787
152 179 303 329 903094
668 281 956 978 822403
548 436 891 783 563510
94 99 935 632 148616
409 510 570 771 713932
666 268 847 426 624665
557 134 681 346 795548
600 621 860 736 513408
317 591 561 843 538893
664 91 788 255 980080
5 8 835 173 621392
240 102 895 966 139165
200 315 336 973 655525
244 601 565 882 220516
334 78 556 487 751639
123 910 159 984 365953
246 717 935 885 682234
559 522 823 738 901112
100 311 690 591 421023
219 178 381 374 753430
69 350 686 1001 121961
73 692 270 839 725450
299 431 391 907 603689
450 121 486 376 316
535 584 620 908 96223
37 411 41 836 540495
523 91 820 110 859785
489 27 665 624 169637
331 531 531 999 722878
54 887 672 902 999881
165 376 635 677 319068
222 8 721 401 615616
311 298 652 872 484274
522 27 601 843 513221
243 434 553 818 249302
796 264 825 940 234514
717 552 724 650 780177
195 320 431 461 742351
86 154 271 977 570406
634 9 708 979 345773
685 442 729 667 369821
402 206 733 856 448091
521 445 731 983 367460
690 356 696 608 752791
188 555 652 657 386307
61 143 326 830 53634
199 296 560 881 180027
176 493 911 662 95755
457 223 888 730 623834
238 314 353 621 774044
680 298 998 695 514578
4 77 241 378 867220
