997
10
0 0 1000 1000 1
378 923 954 941 1
199 577 730 899 1
144 113 781 762 2
301 689 959 964 1
276 657 653 904 2
150 70 253 991 1
340 312 657 783 1
59 84 738 291 2
115 577 464 758 1
259 374 726 578 1
546 650 868 749 2
395 628 577 984 1
789 523 972 843 1
163 15 912 720 2
575 187 793 586 1
87 442 526 556 1
432 573 973 839 2
109 84 350 159 1
778 406 791 514 2
457 778 997 792 1
494 473 699 898 2
301 756 549 920 2
666 702 862 985 2
69 240 441 701 2
241 323 388 784 1
676 455 854 692 1
653 519 735 652 1
551 128 554 393 1
82 528 158 598 1
50 403 709 490 1
647 555 773 936 1
167 714 198 845 2
277 143 568 879 2
525 88 700 267 1
8 129 251 316 1
461 102 720 514 1
123 210 730 238 1
891 615 895 733 1
541 588 630 822 1
84 724 610 963 1
223 403 914 668 1
265 716 809 838 1
173 268 919 579 2
425 136 678 787 2
1 55 240 519 1
76 143 965 596 1
488 82 721 943 1
586 555 918 929 2
434 291 710 793 1
785 662 806 672 1
599 377 737 572 2
43 732 243 967 1
799 432 800 825 2
121 53 924 328 1
71 37 133 739 1
369 180 426 197 2
196 287 614 809 1
15 201 304 239 2
559 444 867 651 1
336 8 901 623 1
298 212 431 815 1
261 598 350 681 2
409 58 541 757 2
150 367 836 675 2
59 464 963 989 1
141 245 786 973 1
103 112 727 728 2
106 182 737 988 2
198 153 837 907 1
1 154 429 712 1
36 424 520 426 2
344 275 630 364 1
205 221 611 226 1
536 124 895 836 2
153 16 553 604 2
54 440 336 528 1
506 60 749 212 2
666 310 946 921 2
422 53 851 363 2
73 601 475 619 2
132 343 422 639 1
262 270 377 755 2
16 594 707 862 2
41 569 334 767 1
283 112 940 202 2
73 628 808 703 2
103 902 208 977 2
650 634 705 826 1
265 16 421 419 1
267 335 672 558 2
440 656 494 826 1
268 456 321 804 2
393 120 962 273 2
168 273 1001 916 1
83 179 659 676 1
312 771 949 800 2
119 200 572 316 2
470 748 520 920 2
706 397 868 897 2
62 747 590 835 2
104 483 830 698 1
378 296 413 345 2
631 207 928 961 2
373 215 837 682 2
353 35 896 404 2
274 420 539 461 2
660 217 744 875 1
889 15 910 229 2
19 412 468 631 1
161 420 341 982 2
254 41 834 496 2
373 291 939 574 1
400 188 556 925 2
213 260 704 369 1
15 530 931 978 1
583 641 901 878 1
514 354 695 502 2
215 565 537 969 2
531 560 718 845 1
129 663 798 815 2
169 281 597 812 1
254 55 495 164 2
21 797 989 968 1
484 101 757 749 1
536 97 915 683 1
276 470 657 746 1
546 172 722 450 2
784 71 904 908 2
84 260 499 850 2
870 38 944 528 1
2 915 117 947 1
321 180 938 373 1
41 272 501 585 2
807 253 967 316 2
884 231 911 368 2
476 646 879 664 2
276 235 312 377 2
166 235 783 481 2
484 719 636 761 2
354 290 482 731 1
333 399 388 851 2
458 177 998 603 2
79 409 184 917 1
111 259 760 639 1
490 724 814 738 1
596 108 717 630 1
383 705 608 919 2
465 79 561 537 2
644 12 882 914 1
14 451 841 930 2
350 707 524 943 2
95 332 830 868 2
411 110 674 124 1
225 490 474 699 1
815 108 898 523 2
293 723 781 939 2
543 82 872 383 2
87 598 131 609 2
908 328 965 624 2
150 814 318 999 1
61 65 840 740 2
61 31 541 512 2
273 42 698 315 2
426 27 604 593 1
789 357 908 644 2
139 300 348 902 2
627 219 804 796 2
752 231 892 617 2
865 155 885 199 1
645 410 748 887 2
863 190 935 466 1
359 551 365 587 1
134 211 669 974 1
363 129 977 148 2
740 335 989 581 1
310 408 607 692 2
84 5 824 604 1
53 244 442 722 2
632 207 785 579 1
64 203 955 362 2
58 51 743 569 2
96 634 663 838 2
65 658 504 867 2
156 379 554 987 1
392 764 829 932 1
282 571 340 678 1
36 197 827 236 1
582 200 737 861 2
486 448 744 592 1
200 61 375 940 1
267 730 650 973 2
261 372 640 696 2
425 40 696 959 1
336 25 973 679 1
569 31 677 46 1
367 88 719 233 2
901 149 974 385 2
19 191 903 382 1
632 414 782 476 2
48 84 503 937 1
192 684 380 749 1
172 524 632 682 2
208 176 943 347 2
784 517 932 623 1
56 227 901 307 2
212 397 841 921 2
342 100 885 301 2
215 367 777 417 1
521 325 733 816 2
366 514 864 577 1
60 371 885 681 1
730 872 911 885 2
32 120 322 181 2
626 850 813 934 2
410 861 627 873 2
900 240 982 331 1
655 172 983 752 2
13 137 26 575 2
670 417 937 765 1
108 292 863 419 1
61 478 454 695 1
487 692 776 717 1
65 369 296 984 2
252 491 341 751 2
355 167 468 278 2
212 410 723 778 1
173 115 474 611 1
520 161 665 608 1
92 31 974 660 2
295 253 757 261 1
185 660 515 699 1
229 168 546 341 2
182 19 613 625 1
425 330 874 889 1
99 255 477 795 2
61 85 895 287 1
76 212 544 442 2
159 260 679 440 1
239 341 521 596 2
152 234 742 760 1
601 508 612 909 1
635 79 839 155 1
673 10 801 784 2
804 16 842 830 2
807 60 860 959 1
351 719 839 980 2
10 489 209 576 1
792 231 797 328 2
196 179 409 274 1
568 206 759 325 2
241 84 717 605 1
566 155 662 237 2
508 630 780 777 1
904 157 984 672 2
380 97 909 685 2
351 308 628 411 1
64 899 414 928 2
30 1 324 911 1
224 769 724 773 2
128 979 422 982 2
189 386 352 446 1
363 372 482 948 2
816 822 936 974 2
274 386 770 564 2
199 393 574 436 2
625 98 919 989 2
228 542 285 1000 2
84 3 254 986 1
161 473 282 876 2
690 142 813 795 2
70 224 394 464 1
32 160 636 266 1
838 378 912 434 1
562 158 576 669 2
323 493 335 988 2
114 495 792 806 1
129 719 888 827 2
173 153 185 364 1
651 203 657 214 1
98 285 679 927 2
529 245 551 759 1
417 266 428 910 1
56 105 670 397 1
310 508 801 860 2
779 556 995 582 1
517 80 626 437 2
395 340 853 687 2
336 253 935 738 1
693 121 720 626 2
279 184 815 995 2
79 499 582 649 2
117 697 745 704 2
187 385 521 608 2
302 521 914 578 2
80 250 165 774 2
159 417 846 786 2
100 342 807 563 1
305 459 489 918 1
161 514 718 621 2
669 75 949 276 2
94 123 840 165 1
515 192 758 460 2
407 197 827 917 2
590 643 933 994 1
510 771 548 957 1
31 161 856 945 1
624 545 681 698 1
382 186 892 531 1
182 492 763 766 1
865 284 943 931 2
76 49 950 766 1
130 350 649 876 1
553 495 790 614 1
353 140 664 987 1
137 343 864 784 1
328 239 908 485 1
511 220 963 530 2
654 221 981 608 1
107 135 220 828 1
418 515 472 577 2
20 258 100 323 2
183 57 280 484 2
104 5 471 737 2
16 451 458 733 2
48 168 942 234 2
603 319 982 377 1
488 277 963 876 2
606 333 720 948 2
857 233 950 724 2
95 126 305 407 1
229 677 629 919 1
8 405 709 911 1
272 479 749 745 2
919 831 956 908 1
294 22 456 625 2
114 72 946 874 2
476 394 720 754 1
19 127 203 829 2
186 90 701 273 2
528 327 586 443 2
27 11 563 427 2
333 55 737 392 1
220 159 404 917 2
784 365 978 389 2
553 544 928 908 1
143 17 774 64 2
456 436 533 879 2
31 483 781 803 1
645 88 700 932 2
862 125 908 351 2
879 565 919 720 1
191 576 671 897 1
121 366 252 708 1
15 366 148 737 2
216 56 781 588 2
449 33 850 258 2
514 321 617 618 2
58 253 823 427 1
112 492 729 495 1
486 333 504 769 1
158 45 469 267 1
13 233 319 909 2
720 639 927 892 2
307 63 658 590 1
709 205 728 744 2
301 828 609 881 2
559 134 570 229 2
192 225 764 821 1
11 74 96 271 2
134 44 251 337 2
23 405 320 499 1
144 287 244 735 1
502 292 935 811 1
626 237 966 690 1
765 574 996 595 1
551 9 774 407 2
827 205 988 822 2
257 457 565 752 1
399 232 903 918 2
310 378 617 621 1
763 751 917 955 1
165 643 480 859 2
347 95 895 746 1
315 83 524 512 2
676 114 826 220 2
95 196 155 573 2
608 703 859 777 1
180 253 446 440 1
337 20 528 27 2
722 21 929 274 1
21 884 657 933 2
784 576 914 825 2
466 784 845 805 2
303 150 852 627 2
275 309 642 999 2
250 473 695 593 2
47 130 785 320 2
729 777 758 792 1
62 441 244 976 2
551 628 673 712 1
411 616 467 818 1
600 6 683 619 1
439 72 655 495 2
225 510 237 812 1
232 293 882 480 2
12 409 720 917 2
62 633 606 663 2
959 20 961 516 1
539 49 902 392 2
399 875 933 925 2
92 347 552 994 2
422 324 582 327 2
164 72 297 434 1
388 681 504 728 1
501 218 694 678 1
231 550 758 884 2
367 267 592 368 2
570 871 738 962 2
326 75 971 779 1
542 786 925 946 2
578 295 919 540 1
239 96 837 544 2
432 58 806 444 2
224 263 946 948 2
562 37 965 619 1
651 119 810 664 2
674 196 690 594 1
307 207 556 236 1
356 11 539 322 1
577 325 677 364 1
106 237 709 540 2
333 783 798 927 2
379 441 452 989 2
117 58 481 621 2
416 512 629 990 2
419 364 918 750 2
38 428 140 567 2
458 102 990 374 2
318 436 962 740 1
441 583 542 957 2
258 165 355 174 2
741 402 788 892 1
598 427 824 734 1
637 37 706 193 1
300 204 422 217 2
486 79 609 338 2
283 107 813 499 1
364 63 740 441 2
44 307 819 976 1
35 591 696 762 2
235 110 542 534 1
61 253 546 443 2
687 32 842 658 2
241 547 270 802 1
534 35 945 514 1
571 392 976 515 2
146 640 772 842 2
860 283 923 779 2
594 205 898 820 2
444 282 452 363 2
192 487 193 687 1
110 62 586 350 1
403 307 916 972 2
117 361 275 720 2
404 696 692 708 2
478 72 550 213 1
960 884 990 902 1
640 123 753 972 2
347 255 459 663 2
531 93 688 127 1
639 535 929 611 2
161 463 473 586 1
794 473 804 921 2
475 387 821 647 2
147 648 463 881 2
255 560 550 626 2
120 104 668 723 2
271 417 862 976 1
50 390 823 674 2
45 443 784 933 1
190 773 392 936 2
725 49 949 444 2
481 362 642 592 2
747 365 911 477 2
225 424 815 946 1
323 257 673 410 1
258 553 534 648 1
457 559 579 837 2
694 604 734 771 1
315 292 477 515 2
616 308 638 494 1
158 162 311 231 1
177 531 921 772 1
453 344 906 458 1
546 191 600 489 2
400 179 758 221 1
43 114 114 240 1
268 488 406 879 1
222 31 749 489 2
54 49 202 696 2
70 525 674 585 2
570 270 841 864 1
5 118 300 596 1
236 277 678 570 2
207 311 690 897 2
202 460 499 468 1
266 207 841 413 1
507 673 524 694 1
567 132 772 506 1
862 402 996 479 1
413 234 419 264 1
414 630 629 905 2
690 367 925 798 1
509 209 914 428 2
379 191 767 754 2
14 91 323 954 1
354 316 751 631 1
7 146 157 951 1
76 463 80 653 1
262 902 689 980 1
752 176 908 935 1
610 83 969 828 1
250 504 868 872 1
491 138 647 966 1
558 132 965 225 2
454 530 583 778 1
553 356 557 839 1
320 459 395 868 2
571 399 916 748 1
452 265 826 313 2
17 525 861 712 2
789 457 971 699 2
533 6 724 344 1
9 56 459 123 1
252 254 699 905 2
210 573 682 986 1
347 435 708 478 2
262 615 593 663 1
653 338 785 947 1
347 165 587 791 2
83 72 771 468 2
81 53 944 539 2
51 606 233 983 1
36 337 479 745 2
109 575 198 780 1
506 593 879 942 2
255 69 988 1000 1
403 430 753 814 2
87 273 157 359 2
85 161 896 902 1
317 19 436 605 2
260 415 315 555 2
86 751 565 893 1
245 585 996 666 2
132 377 939 772 1
707 460 921 507 1
298 564 407 888 1
279 161 402 823 1
97 298 489 342 1
300 107 888 167 2
166 321 247 773 2
34 665 767 1000 1
426 396 840 920 2
280 146 902 898 2
473 85 743 957 2
225 249 368 476 1
103 456 464 973 2
37 94 237 564 1
120 139 247 610 1
19 40 226 840 2
589 274 951 876 1
469 495 911 734 2
21 166 537 175 1
110 826 584 896 2
328 338 382 829 1
261 666 366 989 1
77 158 860 328 2
164 268 489 394 1
259 77 350 718 2
63 146 698 374 1
429 105 539 883 2
554 237 602 804 1
104 507 234 952 1
645 62 677 243 1
676 78 973 727 2
531 821 919 837 2
570 172 668 663 2
220 56 878 789 1
512 431 761 882 1
429 226 867 620 2
355 658 761 761 1
770 85 983 656 2
137 117 520 828 1
377 664 441 747 2
8 202 246 527 1
132 498 439 584 1
49 339 50 839 2
569 373 643 998 2
284 417 736 485 1
445 150 954 545 2
270 332 859 369 2
217 4 954 452 2
712 558 883 670 2
166 419 569 715 2
624 104 669 192 1
42 304 473 503 1
201 529 955 764 1
95 201 592 485 1
81 651 977 857 2
608 220 819 481 2
59 794 522 842 2
48 303 736 747 1
694 341 721 420 1
372 237 991 466 2
99 186 158 275 1
602 379 832 949 2
915 494 931 895 1
342 124 419 198 2
388 692 488 782 1
270 562 725 979 1
401 534 550 925 1
456 124 941 367 2
367 7 849 32 2
805 54 960 419 2
87 180 719 993 1
184 365 634 467 2
31 277 347 710 1
584 13 736 101 2
160 812 397 916 2
559 206 571 921 2
53 501 543 860 2
759 676 797 822 2
323 504 854 613 2
515 434 623 476 2
131 487 251 565 1
109 117 733 747 2
73 100 878 166 1
461 117 492 510 1
249 93 992 272 2
297 139 333 656 1
385 47 789 823 2
179 454 987 621 2
871 116 983 641 1
390 187 825 802 1
272 166 382 244 2
157 309 651 433 1
683 201 711 401 2
102 677 690 900 1
492 499 893 912 2
315 62 711 411 2
394 34 926 460 2
258 57 266 204 2
458 564 944 627 1
787 338 963 499 2
623 443 735 946 1
718 587 758 854 1
460 241 461 275 1
532 11 935 495 2
143 631 616 649 2
528 137 929 364 2
27 241 186 341 2
796 626 925 649 2
277 199 798 293 1
378 95 422 142 2
330 418 791 857 1
380 452 911 644 1
690 46 785 471 2
425 261 508 733 1
314 104 795 950 2
882 361 961 876 1
12 190 377 951 2
384 166 877 262 1
251 771 424 865 2
227 327 601 786 1
125 691 517 830 1
279 555 996 698 1
108 85 638 176 2
101 156 271 982 2
279 318 807 331 2
430 337 491 843 2
423 398 561 491 1
745 411 837 843 1
705 163 895 249 1
153 573 222 705 2
186 255 278 410 1
52 347 822 742 1
94 267 858 390 2
180 403 840 803 2
325 433 443 701 1
66 149 956 651 2
86 654 694 843 2
583 304 906 668 2
172 773 788 973 2
771 236 933 742 2
663 919 939 938 2
561 119 600 259 1
417 130 975 727 1
382 61 392 875 1
649 363 841 801 2
229 9 488 68 2
236 279 537 963 1
387 64 604 643 2
262 152 475 445 1
327 296 468 656 2
240 414 561 807 2
403 860 812 938 2
35 848 83 897 1
48 261 715 924 2
314 30 395 573 2
249 589 425 666 2
440 157 906 469 1
499 792 579 836 1
200 151 307 828 2
198 13 389 514 1
278 348 969 717 2
574 446 784 746 2
74 557 688 646 2
926 375 981 669 1
351 759 522 846 1
85 295 426 766 2
192 540 216 978 2
638 690 819 691 1
757 193 1001 373 2
580 78 668 744 1
423 790 869 859 2
485 79 868 485 2
88 56 138 173 2
63 272 77 359 1
547 773 693 1001 2
84 412 256 426 2
460 252 778 984 2
819 19 922 487 1
203 21 947 415 2
254 786 711 948 2
750 196 862 986 1
39 89 815 546 2
671 84 904 208 2
330 903 796 928 2
115 546 124 724 1
189 408 555 560 1
681 462 708 993 1
6 498 745 934 1
911 25 986 129 1
90 334 395 662 2
144 267 937 403 2
645 147 687 573 2
417 82 983 476 1
367 414 422 456 1
300 97 581 248 2
356 319 901 738 2
362 915 906 981 2
136 83 267 671 1
143 6 786 666 2
26 194 780 686 2
378 536 528 701 1
298 661 825 783 2
891 92 936 121 1
250 133 740 407 1
738 495 776 937 2
250 25 725 403 2
555 86 708 694 1
218 108 486 890 2
291 688 748 807 2
855 28 860 306 2
285 143 983 886 1
316 487 463 647 1
284 59 987 544 1
633 43 976 108 2
442 579 927 772 2
203 242 836 864 2
634 289 738 585 1
230 103 396 183 1
170 357 998 910 2
627 6 716 265 2
424 496 795 755 2
240 75 452 364 2
406 769 919 771 1
96 138 703 295 1
320 806 768 873 2
321 11 371 780 1
85 212 310 242 2
404 72 692 333 2
117 506 496 691 2
564 385 854 617 1
174 470 412 588 2
216 219 687 541 1
343 523 777 809 1
278 568 297 783 2
199 730 261 891 2
145 51 427 772 2
125 266 785 298 1
325 338 429 663 1
689 115 806 763 2
606 442 810 874 1
310 383 341 387 1
552 214 757 427 2
468 599 586 706 1
246 754 659 884 1
85 167 888 251 2
666 162 997 657 1
428 405 470 493 1
222 316 914 723 1
141 239 188 753 2
46 46 888 751 1
527 49 808 870 1
731 599 976 742 2
255 185 498 706 2
246 728 798 802 1
235 626 962 890 1
309 609 332 780 1
520 84 871 350 2
546 274 578 643 2
695 13 742 222 1
402 338 875 965 2
351 601 576 765 1
182 341 742 451 1
80 18 824 348 2
608 214 871 239 2
31 259 944 536 1
375 863 428 929 2
746 221 909 538 2
75 581 260 846 2
509 190 920 286 1
627 63 716 666 1
707 757 903 899 1
329 21 918 267 1
758 19 861 243 2
614 277 871 468 1
250 238 649 322 1
461 237 731 346 1
74 2 912 610 1
454 348 690 990 1
70 167 258 586 2
234 844 298 993 2
583 528 707 840 1
109 75 414 503 1
213 38 538 432 1
378 594 777 844 2
4 67 604 856 2
431 575 765 812 2
742 60 857 743 2
443 433 818 917 1
725 372 887 404 1
20 143 304 631 1
27 494 441 807 2
743 218 848 266 1
541 82 692 637 1
695 781 939 994 2
245 101 799 183 2
120 238 673 358 1
443 507 884 833 2
130 104 453 412 2
171 220 924 460 1
93 723 523 863 1
292 842 892 943 2
198 327 977 973 2
332 274 555 764 1
312 926 825 967 1
180 73 466 466 1
409 219 997 226 1
421 220 646 710 2
708 20 896 389 1
149 74 594 268 1
271 712 572 783 2
608 276 714 788 1
256 382 420 858 2
162 517 335 737 1
249 143 374 185 2
370 701 757 926 1
485 185 796 204 1
267 90 529 912 1
353 454 963 495 2
739 633 874 753 1
936 341 985 791 1
341 45 901 874 2
332 671 465 934 1
233 332 954 825 1
192 653 975 786 1
69 80 183 118 1
835 457 895 650 2
684 19 712 353 2
925 130 938 925 1
518 278 974 566 1
10 205 470 366 2
336 687 827 899 1
235 122 326 670 1
128 55 564 464 1
304 388 378 812 1
204 953 611 976 1
340 136 711 881 2
344 377 409 743 1
302 5 805 601 2
525 401 771 461 1
189 334 577 735 2
114 269 500 576 1
278 530 817 863 2
846 190 894 796 2
213 858 350 958 2
486 280 869 425 2
79 186 735 610 2
9 158 135 317 1
368 302 871 441 1
602 256 967 966 2
57 46 631 595 1
42 627 344 691 1
27 667 189 849 2
296 158 513 729 1
282 232 732 307 1
356 87 576 645 1
12 32 670 267 1
271 371 640 392 2
190 356 298 994 2
647 558 995 840 1
475 801 759 969 2
395 399 889 843 1
27 591 208 686 1
649 791 835 895 1
141 184 954 338 2
316 567 537 796 1
94 32 633 933 2
596 391 805 931 2
975 14 994 728 2
382 726 981 942 2
650 54 742 413 1
82 30 936 105 1
490 296 574 767 1
251 203 788 725 1
28 48 427 979 2
522 65 589 240 2
435 328 910 904 1
200 464 863 918 1
310 2 869 657 2
81 517 860 809 2
35 330 810 465 2
384 372 826 736 1
102 96 820 279 2
504 220 977 505 2
218 39 587 380 2
348 565 906 961 1
181 72 428 281 1
309 396 821 983 2
90 507 160 789 1
289 770 736 775 1
501 127 503 192 1
498 700 959 857 1
635 88 681 667 1
231 343 298 639 2
34 537 102 541 1
300 162 388 331 2
239 315 896 681 1
779 373 855 484 2
77 364 529 994 2
354 539 984 670 2
401 215 491 335 1
177 484 860 884 2
8 625 302 872 2
484 184 736 243 1
635 537 784 774 1
275 412 668 554 1
325 295 934 759 1
696 841 920 853 1
769 364 987 901 1
48 201 418 814 1
25 137 986 821 1
593 18 983 135 1
663 23 928 74 2
300 232 533 812 1
536 220 543 274 1
432 211 533 795 1
136 508 414 965 2
381 301 892 884 2
383 354 484 674 2
56 268 103 704 2
13 353 349 593 2
135 251 235 868 1
685 632 920 904 2
325 42 550 939 1
402 19 508 137 1
134 443 891 535 1
883 163 956 347 2
57 258 936 398 2
92 672 256 804 1
309 804 501 979 1
586 101 865 356 1
4 139 741 572 1
447 163 878 231 1
705 226 905 421 2
2 476 652 895 2
393 151 805 259 1
180 63 604 96 1
111 261 965 477 2
226 428 644 990 2
3 54 596 569 2
421 688 713 915 1
472 432 505 774 1
76 586 168 1000 2
