98
100
43 23 46 98 47
78 37 91 42 2
22 20 23 33 46
75 46 79 82 6
16 41 65 67 15
13 81 58 82 12
5 7 98 64 18
31 5 96 85 40
65 33 74 77 3
30 63 63 81 49
51 33 90 70 49
3 26 46 46 37
46 19 49 87 39
35 47 88 87 47
6 45 95 67 24
28 55 93 98 18
33 57 34 99 20
75 21 78 101 9
45 4 70 5 41
42 14 83 50 7
10 6 23 29 10
16 10 41 79 4
24 51 34 55 2
34 16 56 54 44
33 64 64 73 47
34 24 56 50 43
4 40 50 46 30
16 35 69 80 33
53 30 57 83 22
52 31 59 97 8
8 31 27 85 39
35 12 90 49 26
29 45 88 77 50
60 22 98 83 33
2 20 16 101 31
84 13 92 28 36
5 29 99 63 44
14 37 17 73 50
21 67 49 74 33
35 21 101 52 3
25 29 50 53 36
45 10 99 54 50
50 13 84 80 24
7 40 84 46 25
48 3 64 35 48
54 3 65 65 7
25 3 64 78 1
7 35 95 81 3
12 46 81 75 27
3 40 27 68 2
14 90 16 93 49
28 8 89 79 43
34 72 36 91 49
30 49 66 99 14
22 14 97 101 5
22 72 48 83 7
43 40 85 60 1
61 1 71 11 24
46 28 96 49 2
56 25 85 29 4
31 52 54 66 15
19 57 64 86 43
15 1 73 41 46
56 27 60 83 34
22 19 82 60 34
29 6 53 13 43
25 67 49 70 14
83 48 94 79 35
20 6 57 35 16
54 53 94 63 49
97 15 100 17 12
19 75 97 85 23
1 23 24 41 24
29 28 75 47 40
17 43 47 69 41
2 48 10 55 5
61 14 76 53 4
18 36 44 93 43
3 7 96 32 34
10 38 91 52 39
36 58 72 100 2
14 49 16 52 4
45 75 81 89 46
23 73 31 90 34
51 29 71 38 2
24 25 77 53 40
38 45 64 55 3
12 2 48 65 12
58 41 61 88 44
39 12 45 87 4
18 12 57 99 16
36 19 97 59 6
57 19 71 46 13
45 41 82 52 24
73 54 98 61 18
10 75 47 77 37
53 54 92 66 2
40 43 93 96 13
