1000
20000000
0 0 1000000000 1000000000 408509
637838595 492743607 678261615 707878920 587254
256661629 210330359 597935763 430367621 243945
151784813 665529359 953925803 984246295 598069
83843981 2490197 489042003 909010546 565058
48217013 574981150 824755129 799978558 489018
184855424 562085169 481993837 603740799 355297
69509680 18070986 977994453 312920627 850669
404962557 622996734 851409267 951993702 824145
189582966 248155993 344515071 648869179 315181
5869370 655232407 194905827 869655908 127468
16955794 153683286 971562586 734197954 627302
17945403 168397330 823508093 399167958 940072
295630615 534053987 346617804 629764357 693628
106476685 239896073 734837768 492745422 343301
151864222 171389711 564280728 371388922 112451
39212723 563734411 133861952 840939172 766091
108719713 73072843 543495451 536611373 600181
201352004 111816997 832193302 481882135 60648
75937654 117354777 710072485 621612210 732287
61387007 709970878 423946435 732254667 385891
169435229 680158976 854391375 927556460 612841
136246862 121932249 615892899 440758147 61320
354896257 742316927 737818761 972282258 581598
765185265 129649196 904109431 920387485 729633
332254032 309996906 728836600 736016818 654714
461552717 467102132 803397204 605564849 297671
831019715 306832824 909252126 862176757 83522
564425202 859084409 605017176 981587066 86476
134385946 619264618 839537478 931810534 659943
427375934 367502102 580269441 865237054 842736
81271938 199582818 227192570 930841053 948706
643305180 103140469 744540392 597464455 542548
61785290 190750722 547278262 433272527 781153
448192962 302418576 574626251 553945498 353720
416373055 125708391 507428211 481358618 485730
227584369 135093054 411722277 416977483 395199
66933565 200057378 96305691 256969890 427685
758725793 146490259 873257585 729966075 506745
120646654 134123071 337584693 276729588 91788
76125032 24648181 609491799 119133175 612775
759476185 20910366 839177218 526376270 806476
289182641 330132704 923453005 610321360 590859
354966853 218310199 763188985 790425943 428711
232691422 69986945 242524638 187612054 780976
32120319 390918206 844428950 620784614 795263
65706194 283412087 632494049 517391194 200357
358498058 193993318 987454908 230725903 252080
753242020 115509653 838499662 876110814 550260
65901620 92939451 95927771 290806879 720167
59321759 26881622 827838278 78856272 927269
38582046 55852567 849713793 166444979 548591
73301661 118381628 134648747 386705470 147868
799657045 809918867 805738610 883275583 26177
448956043 494145983 585251910 646726688 686328
463516771 403165721 488345140 727247725 62192
101171898 736508102 188907584 781912600 610786
141855298 455128510 146970627 529117133 100150
492442672 466924776 847734483 874991345 503953
73393035 219990434 767674288 861109061 850945
81936878 14581136 252000188 529391026 207655
55152397 26379454 977835290 932835379 86685
212598335 520406316 285308541 642643415 525622
61302296 663005152 311759970 682695689 923960
760586813 359882340 783337556 479530775 517007
297540656 46675421 377329262 423858369 248171
679670086 102494846 981444125 542595587 970407
35260403 709085228 208652986 782918730 773135
732698317 27723191 951029662 789365115 983480
285482760 204702484 442826801 630263116 829288
788870274 334313864 806536450 771637119 297994
78184788 352266504 612518349 377713915 87452
157114509 366133793 862988874 942432059 702182
568925375 124559758 825776527 786745568 270845
24002514 115604919 599019811 476305741 151677
45601490 565559030 587978782 587112420 63554
561240302 603747 740202320 17561283 736173
212571646 71844293 477778662 377594679 206031
8046219 88799811 559187076 868730254 262776
309970960 34063937 720429374 743670226 646036
83256833 78716611 726128488 684910494 307932
83498704 494386954 698502441 584894578 288829
461026348 348815654 610872096 955468005 807309
569972460 750052793 999297565 872038608 262640
127408226 101836901 821307027 829786713 460352
3810779 297434527 664054856 770720083 631914
263769660 563406790 433340261 825698228 498486
38343510 600978994 267592774 987257049 549015
660469560 168906771 907680577 811096191 185704
737153197 500605630 993308296 787637673 361305
366529243 137414750 680344343 273870698 273042
119432779 202485287 484161223 275115056 104955
293039948 648802405 400108712 942386659 664382
31350010 752458057 221811810 766107749 456872
398574906 639928727 476989091 992176765 353594
112274043 247313889 503197771 937688952 654057
170318592 96341132 588709649 778887592 425211
444535876 121603445 605860420 218843213 135012
116718701 38621189 359240707 975009410 422192
758791348 248273143 958966859 491211672 415430
517171359 1273638 532119367 25689881 590884
164519016 52626800 321338999 616162567 100929
146582268 181705865 391252255 444418361 710215
62713066 397008164 951771148 959464773 504313
365373562 497336117 718625893 970688339 747489
422392560 259752844 458908404 363797517 773336
196581577 116698746 517891162 238517021 232890
152659054 645229253 368616400 992980045 174057
3103862 65491423 202702290 701302466 786258
14878428 89790558 730475774 746614922 23212
240663217 754089178 847751569 907959396 308631
460255852 76986648 922416020 154579025 438884
284106617 123747831 397270389 396752594 603900
11848567 8860361 258601232 951471536 694263
428052299 264575428 926115670 997750422 9972
67842528 708530118 468853805 908382986 582373
361047129 123289260 948340305 924856680 566968
790213643 874803431 943675224 975735251 196034
58761117 144842313 110161407 341589762 320082
705338710 517950724 909106135 793641119 580171
10549503 4816444 931569686 735909165 991661
107863887 505765541 147560921 978124704 155955
381550463 125440277 967729301 732686369 772764
112425109 244496261 554375145 536176182 691256
321824527 142775187 940874153 540985336 759333
392644919 657348042 414104770 758884981 479328
411724529 661831463 555360023 764955277 574022
363733676 178928102 767487708 379107667 557199
275870600 139963521 872287176 807175803 501501
959515118 177013971 976708635 908861481 942696
180905709 675596879 487762700 792873851 682243
296800719 343867574 608280243 518150831 811226
150503078 562474359 220644813 820580562 520813
15558237 80258288 74294678 775632817 996608
642086011 227239280 649827423 695136559 633173
446628561 234374883 888224741 823857040 694003
11836337 364803628 999183320 744918279 742190
24110622 73024314 68294717 145793250 461540
371876892 80344268 905673318 957494268 178499
87922818 4120285 880114149 250036184 131870
391403584 9303548 684157599 577608721 672601
348908955 100798925 947051950 127945307 627296
21957591 351053701 190866820 467023232 713633
94068896 2142876 754955825 260949458 912011
429460248 38829147 559423520 547677268 915428
634286936 144688222 681770852 697436012 437329
67685689 574508953 794037146 711908942 474738
17398942 366225396 191625323 568800001 81464
568666635 70883872 902281090 256231356 786583
180243267 42141131 334521230 186107958 852048
64539674 239042377 790793542 883747690 506372
315451245 614096619 617819810 799417112 684331
726817631 451733714 845642026 529918659 196283
680398704 570990501 953094040 903576432 207881
326495405 7075883 603592096 587536944 255313
98034825 137320488 895178783 146841838 495255
451979138 556691505 520853135 835277967 174124
284246983 335395546 641346826 895663483 260152
382930579 53218033 736343348 921859015 773796
347259239 251733805 649311040 672944167 224599
889469959 423897537 922244772 687917340 630454
611556497 430668288 736079668 573293731 9220
391131144 86672319 922827472 627401848 731346
2682808 542792898 596281401 785776048 76527
328941237 357716171 425761483 685441459 297484
115834313 92986 206136364 435725715 306019
268386634 539971206 744566383 851477516 150214
75972845 365008002 876417883 708809914 176976
227845035 428143838 743251009 700312243 465735
388493843 65715614 692051878 544464588 708519
48655929 154903159 407023408 899981139 191728
116856263 71631315 502851181 203142076 647464
143294848 96340721 889898671 465832366 665241
13480858 425689817 420479645 525487788 709356
573096499 232278538 786086672 568685092 95288
21579555 885980437 43240047 910311382 874625
792779508 256628161 831793067 620513678 317330
753108153 13090631 763881801 697166219 843280
199499501 559118918 516194133 988326291 941871
447431073 279290696 912778286 588945474 942171
229226353 21635347 578247896 248868590 523880
199481499 114278639 638037731 256559304 683834
179478802 78679758 668232994 445434927 807841
230963119 87169481 992338546 668918598 593877
305367940 10320113 571010131 980518090 937748
61852517 966146650 548204920 975228004 874777
45630707 11374528 496910531 263613764 750981
379646966 552625519 663823351 701497286 307752
578324242 177527550 663983697 248948860 725746
324261499 696984447 868961208 742206449 284923
49242546 631245105 442538043 793997718 242134
66715815 285559295 305092136 306222165 586861
857717323 390303929 968134667 748733529 59959
144827269 12921225 843337468 580737670 158807
18576959 233327229 73240226 630799676 367872
155600366 330442990 613390371 333247895 3083
173195322 680078609 890061176 846413747 146680
389036050 234165814 595960544 445116594 777788
52423848 243236051 216393947 619301260 506652
302168635 735480339 724725992 896890130 675196
109098767 503607543 791968065 819409271 905568
236830381 70348834 358407925 913994154 197866
151288967 824549301 499957196 886008900 106395
298126339 323009700 884119137 950965160 346863
352815757 15419365 947046870 365057110 720232
208251203 827091051 255295299 868742166 625705
239750061 580930590 255661494 592932033 535130
172954626 63896876 608204086 303007984 438630
318356181 65192058 629741871 230552583 232800
141798326 145292320 660587153 290595491 89565
88074137 645770970 771372047 884195569 324046
266682423 204964031 952769533 333095266 734774
505359382 68644261 856978728 277292583 911685
677947444 641542236 943016474 861927166 174879
213275028 57612956 682371649 363171947 805274
26786047 759729876 703704361 807500023 239449
328193299 349004352 668670075 999749375 282686
21705089 76154101 412153592 872677673 319680
24720865 19217377 656886767 875442321 606644
201239015 572878589 901346019 730359659 245755
59279173 506125366 66565070 665626982 352445
390403904 748851521 737643569 945348631 836959
763459758 46340459 853604909 139922180 509131
196561739 392415414 334801368 576276865 664
172080147 638024960 694376502 959714510 631828
142979818 426587161 347244581 613574096 337157
144606930 43158069 273348255 489579430 171576
69874906 299964196 171705047 776170201 101242
15353300 344858654 128501364 939849830 852319
126876027 101591157 489050172 839302313 50298
83524498 134911327 859408497 896577936 86194
4737749 191117747 359496795 963431083 416496
713502309 77601093 843510532 134936054 974901
588149350 158881503 999230894 751499112 230571
830720729 612400296 860077637 925081734 121642
196944139 463445002 563762796 767827340 851751
701756893 447894521 820879488 879585066 14906
35613542 155584279 472722800 201841460 361948
352731321 88069018 713630705 93424904 789535
390534138 787445310 825542114 790210712 75550
493002284 897460256 836852904 909331903 156601
422196312 567429290 755489983 596806410 667544
294308690 561824872 552073017 584292367 6424
254397375 330959961 278880246 809719027 798944
205786623 134254663 497824571 207084284 547980
213293071 666420648 760372904 705192810 595025
423911427 121591422 888320544 490047642 64451
235929527 805726505 606470132 986103056 741487
570943679 268693763 580374037 893461351 249627
98790899 373763556 654437087 505859854 401411
672649139 380190678 737158349 860144559 853900
147348305 20291106 168692632 331630562 770148
7031591 654323315 609155452 814115093 177497
436211188 685244437 565022672 956339849 920639
85656737 257225586 963901126 817058554 825685
61579374 65994119 83903717 670399543 890233
815442451 2126298 990441774 48105642 164139
351666066 576557912 762594914 750297496 23282
22195870 392473169 136544596 969806476 766378
421018908 95611698 501016601 899148470 894545
770759781 331259141 987748341 830754455 430970
382867318 782985792 655395907 795366680 555026
538730079 608440702 542828940 645365195 398209
350781537 136767563 787916996 742664538 907630
581080430 256139033 868133357 506411959 482237
559957201 13756612 755663656 720314631 122587
786854555 253186237 983525995 939750200 959131
602962798 813394372 985780242 965169268 884679
213201673 31607403 370113569 70773492 144606
208429384 369276860 606386249 526811825 249388
207504863 20772907 237880328 233100561 939793
166072237 594812999 278675986 838441174 586645
302452196 13244301 825883119 430753665 646198
434239592 115373431 696500155 144728482 91764
584244962 109825443 940746306 141534305 157223
73379170 66587129 812369999 594524146 880210
89343060 497723361 150892091 658164909 706456
557746932 79545547 893189077 711103187 158574
178801497 580116504 971058853 857892011 303927
28668732 237532113 30106612 343154032 718561
83730924 102341200 84168998 229604592 613994
45219652 383454089 907427755 856884131 231514
395240501 178454360 923171763 433158714 921447
522570662 784466844 639229818 822332025 116754
448641969 303466944 888244762 570867830 662593
768356757 276486543 996008302 745824066 182934
68796199 350004824 399502043 396939372 351029
521395109 113238051 551603508 354300396 581020
226758938 146976120 621437984 295204920 844449
792306751 238477292 914614532 900935850 344536
100017397 98669741 817148035 649084874 940082
354987720 362017252 395760991 591099556 865249
564233262 408221664 669615193 928116122 429225
85333914 273990365 544103965 562949407 713346
96917513 538526882 525200509 680144171 607595
32155724 422841064 459353303 940231135 994513
390784121 26948525 524071185 696707699 948581
108575718 56966439 829529532 231986578 212290
133052842 481617545 473191850 596456687 852792
18652556 677558664 220380757 753874809 664386
187398118 34637656 307015005 745452134 999249
75739436 1490603 127785575 642365021 593057
177054167 130028606 399528116 835148283 895237
208394921 95075829 797598598 439690590 495382
69682708 253633887 759068305 778668935 428921
588747884 628507852 652387550 773518108 820797
339673990 889199398 435565907 931913166 321970
589785486 533127229 967545713 794606501 128455
112163729 792618077 975350194 968016201 936377
83212167 328015150 791078821 383464548 82780
597382719 518287086 969836126 634872146 360749
126214540 721397384 626140505 873580429 42505
176699258 607523984 567538034 636844304 324444
39270575 181564713 78219846 966933721 335845
239322184 51058851 334298148 524731462 116798
416898955 729063364 619247545 987718647 692013
5589933 608190303 625241380 794372083 748776
350685356 66629501 441533537 298139167 609897
428522987 148961830 565928545 673157311 52160
899438452 131276561 942415522 724654725 184132
207866363 447047851 635417744 822825456 219153
43080449 76342645 813025216 144095882 913537
456071988 160974147 593400491 832749367 666864
234950746 8889828 463003311 387739768 878972
615291622 72513842 700781127 228064534 893224
137327252 307182418 264195132 478868368 930599
173121861 474640441 175264755 966242982 438439
188670016 291079133 727228474 992506019 219044
14936746 80715375 447538256 579281902 616685
497975901 168877485 675419019 530174326 224258
43194076 313825790 677531513 906341225 443598
51406304 135815551 949764783 243738308 315737
91155532 796961976 985898007 895169207 407487
86758591 596216587 914203871 926432452 459386
442269891 102069895 539907211 789138964 547270
43427871 540766496 568977116 846687100 687362
404953739 344779213 583108983 474792608 331864
470143937 116795039 967145694 513938109 552923
74491758 147477344 80490084 468118141 565934
104924166 75609766 260290761 376366969 996717
127060871 214122359 159022062 706292357 873920
271784363 182054966 370144448 550590756 83428
534525119 43742545 894602057 632558210 277752
58076824 578095547 835822595 979802332 171922
798978003 5797332 939005363 208034924 573546
348520736 45599515 886853466 455187814 822478
35938304 217148252 239970932 365149099 622346
78970926 279048113 754900485 705433399 816984
819886606 236254190 940611852 579091083 922356
153397163 171493037 718154912 958720719 299371
77587900 83235533 366239251 694942449 651151
66692328 389575145 975826870 704471541 289153
407370676 432280869 626322612 501068090 991937
263025148 142300103 292451126 783473539 26942
12449249 367104501 27935330 796146581 813670
34532388 3750743 761695032 658366251 814407
672400371 467957205 894312252 974068077 612315
202205211 722717618 749747682 936830301 476873
143847028 393274359 637564330 717879914 953088
383991173 120929674 396734110 551268570 386026
513481426 241867866 926509955 493016329 658670
229203408 27033276 557731491 428994117 504634
311541646 101781411 927975399 515296130 174859
171436743 207263906 265975902 343498700 586343
134561414 176326205 797187292 859378770 956247
335352915 263696592 559418940 279335870 693327
180902905 391258762 357238160 530456687 69014
29153626 358703860 749161085 453716428 41740
213429914 18284263 540737139 818857302 447932
279451236 190170657 383160284 618902675 548657
987788676 72971416 992929637 715669415 409469
131245129 164156212 249947268 385702938 615514
15009351 111954823 458064697 445065875 601818
382904566 261529282 771084005 338040969 302862
221339446 161275226 499278866 403370896 754072
262568406 67028263 297796063 701283636 798710
448608310 92248392 521505173 849657782 68103
887947 447533558 562368661 684318279 756091
35790728 32322914 730831486 625791202 807587
489708532 19456952 595461114 641131172 133999
307043108 70295609 342277807 701878776 893840
279427134 881987628 895882481 932571989 258249
517009903 459582537 847908393 887858238 999679
136815787 26919279 318284566 300924751 739477
615320629 560034491 871844015 801419818 430336
219646904 81109529 703204898 955189823 588768
540709359 323060630 546181245 344381188 327373
57038536 320087499 824296074 661946568 171848
217293007 114347326 423617980 632078633 961701
719176755 165739162 989007207 720683463 784154
944100857 211265222 978580088 893902756 4259
36132231 329512895 910367492 518431748 215951
332547044 365702207 651927849 489774343 773914
226257334 42455532 877667648 306452280 45837
411440017 175005573 413535861 833112713 967530
391573765 83352524 471324160 270961916 23341
130954525 644067308 932654681 929430340 647870
100465806 45145217 693917922 842295037 464414
588652356 22968757 636309279 774468672 569031
82023013 462252080 267852293 667747533 231103
381600085 132710754 853277118 959437231 814673
60573830 538371464 796953287 950090711 647526
32389017 94613572 135525780 841824606 865185
120460342 292867452 762866396 811123560 730034
79960094 445885935 554063307 712003676 880027
791022452 436070766 827143791 937026884 234516
902386827 678864853 922447659 686335698 946439
665918133 371476224 762189055 548760007 152363
134541899 197604824 471830888 738394781 555095
295622269 129206492 555309880 393782765 527121
85641468 562092380 306050701 570780336 639197
33797104 530734437 678291661 997726729 79862
188371796 103332520 724109013 573862888 483133
779236310 62361341 832730725 347346154 12415
250097289 552617622 598400656 653889685 578258
337095058 110241120 782373989 494762214 832708
332512269 781238783 565191317 850277332 914980
74449729 385959991 919154867 441095942 926329
530667474 221628105 959895415 858062219 3707
115925613 387088440 860422895 765695946 734792
137801654 483517629 402653549 677209540 392874
863649795 520117686 867265543 953447590 488506
805967262 48183574 844783102 357905737 9706
69920378 73890461 883755448 478221331 86237
128334944 290312537 199946569 837544468 546170
8823033 698317951 424650180 800394857 775370
454597220 3791970 588651215 461639093 286281
176307614 559722159 959541527 822102478 931032
124456490 43522099 960102497 677129215 849631
529912325 414740744 797542587 852801975 744825
562162661 487263467 874922436 793829421 158515
266617318 31870916 739757792 326360854 40303
428503672 141525490 793003518 726596938 703318
21956240 477059137 71418721 798805236 818987
94030051 485900569 709378362 962569805 20483
87844036 511937880 320442471 580602000 105226
589053757 92799290 937093942 119859807 522502
305484481 426605605 464540351 791739030 178977
10006433 112885282 34857466 379374010 21321
49103596 548141196 593087390 650400718 214121
406936808 251022805 678315507 444494940 384121
365918659 491901290 884023549 749203645 17733
20622039 327030579 160131556 642720884 267159
268008733 149550965 343608623 446583172 180344
610566423 619412377 631236309 905984573 639760
77512558 89682545 826454509 816962541 992200
40651790 84541075 605278848 334817978 584300
268756522 379159554 690184944 832738807 622008
493224688 149289045 828038516 340436990 58198
230693527 58108647 968108319 305902693 949323
89202767 287302557 150820236 597981570 757609
453858164 40371878 914998381 132231398 299673
202178472 169311479 457007517 694432544 612404
548022567 80651161 985450976 850900165 860249
14223528 400638879 193740279 477128857 384587
281285692 379906089 353907100 957101591 738486
111630030 58185311 815445786 104156987 282168
230869081 241827305 287435745 861161078 433590
51897192 348296056 567776412 943719225 370049
53566386 80575371 79611583 735537363 53104
69501174 361284690 813506080 668106029 497955
583626673 455660455 892044125 795247746 560562
155721963 229445027 549405617 473501398 67245
429469961 374353756 953652932 409080154 977425
71353891 134507495 302182773 741949589 162138
357191200 521395281 715513586 888683613 697385
53560828 811712840 567165119 987162066 71068
157640270 414633313 555151907 612664332 319138
331528380 70397274 533986216 372154693 961462
177897088 315286492 249257030 412099970 412794
137304721 75987546 483549148 725388766 889621
311680134 681301661 650661513 695380299 193817
512529169 520818460 890491630 679272661 495242
259829016 112000754 993976284 277093753 654907
119000208 507853920 627200429 522199077 315194
30368537 95871952 707145208 814991552 297092
91452503 29900632 821727205 301783772 948631
578065036 86273294 819277917 116019602 764497
104790022 548399901 474151677 855283177 801400
34671358 546424147 903542635 777177086 721927
29868499 74663258 66910294 427347070 905937
53099172 242711316 118076850 670560616 625553
143361712 677667458 383116598 796620229 681497
8708563 296808815 428266140 921904308 170030
497102165 597098184 877130057 877678903 74636
225842802 785275332 688569148 929347543 477303
264425560 56704470 342266601 513539534 149224
19613789 521818014 223203592 522444049 965801
79072254 333699057 154961527 467974064 231876
122686797 412679253 571319299 557051134 492202
44359097 54461066 798585546 366500964 85834
64470050 216355455 389296392 314766514 561431
530155360 12693405 936079307 204462695 658244
58627778 248044836 720686429 562021701 778404
455520672 901142989 495941286 949711328 808386
704570655 53333351 897098592 494152221 932652
28818145 162725633 918272700 237276490 9779
74954705 175508837 109221637 776800110 341851
11464338 200579115 359124646 378860445 326856
7035136 127913361 208710874 962846961 576576
485529086 934817392 942254968 996956642 846779
517164285 837995830 641471168 906797164 140978
121309123 673427836 760633722 793793642 798541
353572753 409991616 601533729 417351806 195534
659831595 184047251 905679071 384039555 424844
57953635 9629931 227467109 518792497 873453
570445206 198525172 921511906 898555612 143759
866754553 27807644 949496389 955173248 616241
100648935 145632536 275734389 182515288 780694
331346385 513579218 989122827 516425156 162559
7895135 342526410 353326561 360205350 182104
449799168 358826138 473480440 425157714 584208
154962681 353094335 976527616 429594931 154878
503763357 15699557 869432758 870608096 677393
16046619 169044858 924576708 260052851 23691
70239990 903226659 733727277 993480044 24011
686341750 4102790 822088789 729470504 603199
31442655 410844142 934616901 968704002 548068
829066839 36988092 832712259 45439914 430230
427018462 8925754 838759028 733303266 320108
319082191 340696156 698586815 648480134 869569
2067561 518047492 758061852 975733338 476300
192762229 349426320 256102073 750295517 364274
479561887 283486196 848196890 648664638 262058
251955858 420469308 717530860 931820362 565142
89656219 111531118 897743235 943425402 948807
128759619 192378936 349871810 278263762 643347
159481976 353962370 969334149 581074679 833594
223714613 30785379 510642914 875101634 284505
135533433 577725804 726523855 887392722 998320
190905582 2526634 308443277 128099520 508663
20506287 490272406 113557297 591995336 854180
497522050 287286302 885310198 699239772 622452
282846361 62973448 832769405 997440914 71695
536299326 386884201 662634113 834322428 261670
451492090 167814972 613184471 810360723 365381
83014545 359211440 109267433 947061229 123557
347428246 6184629 902159531 218477523 827741
617634109 373623392 962281965 787987205 148710
228009479 580882709 967848042 837465883 251722
82355762 173806459 380375071 697979757 79179
363562420 802600419 586148934 897628143 438520
283154855 937931406 603097981 952864812 322799
370945276 112562885 580599202 125205069 289152
725385312 286257959 774130827 360859056 313643
210366153 11268873 431294615 658829087 759856
24755941 42822781 269173433 608739709 441716
495354809 29046300 639263209 427154023 815834
163790020 537809265 537595414 902403363 629826
63273810 438502599 896771729 795193235 943943
130639373 577367541 905111207 927637971 84571
656604968 278896754 682257042 434213822 921656
15566023 211117590 611248997 847592171 328865
82805893 300482216 919788647 735214358 45147
2527794 120934781 455617347 781532667 312784
393489304 272566408 600915662 766917972 978784
231826802 317883657 955391214 570704134 288042
306677396 366224966 583701447 564903427 854454
97172154 448885241 844491898 877799136 402441
970961302 218352355 989833896 375455342 944603
78540186 709856442 462465651 908437161 101598
489193182 95387735 597351800 205636069 206854
175055221 848255367 538498921 893481536 999315
930407349 173375768 938690637 951643775 702148
871163872 899378895 873766441 900670037 550997
784339478 595993044 820909797 931960038 616027
385489213 106506731 643240283 506740577 200478
71650105 424722277 136950926 632455608 329585
79568650 13962432 971878839 400006569 855680
214499943 268477267 434267316 581330699 442822
7914977 21393080 526754091 676010904 216828
579385958 48923801 809555791 540770524 65185
516758825 315642791 533867397 534681885 840726
33882628 382145535 409361345 391499006 885409
252105319 737581230 625238001 941839481 178324
115507312 592149859 616438593 815298001 329879
372293109 155914184 873145148 987721063 624342
292112594 31845217 657790485 181728894 754003
281002142 486444035 936236018 499051535 635310
618043983 86804936 789146233 321717353 195566
11897480 830941152 909878412 888398776 763802
761026846 165582384 951788216 891838388 397897
733339507 417586279 829540575 621422594 11336
378172010 178355529 881671531 409235795 863803
618468710 782740684 958800883 996620333 837660
116263715 90307683 282375302 627117814 343616
58411008 313767971 425918405 640615962 445855
790685420 214024882 874061628 565619509 961073
617723573 144125006 740400605 392700710 564318
16094599 504959834 797535673 736598377 675863
522776188 378938050 866707951 736770417 668496
353614301 108288851 885048326 180970892 920886
67547298 396055063 547128889 863239548 116720
242855923 407553438 755244268 460551754 265377
387070807 163376640 402575794 564065064 691369
19618502 326533430 65626564 601655440 953198
8911000 236300289 439599336 795273050 677114
474836914 368934843 568544279 534764540 595991
722749233 78834792 773808241 234123449 917524
448277943 297878246 669097535 627732903 721589
496987404 96374422 607337752 328802251 731033
438588299 713698743 549036589 982643367 802318
369152003 257441432 786065759 880793748 727059
555981831 124517556 624298337 685268714 460531
332432659 236228898 700236227 452860207 292224
303264531 781256764 660393368 828826858 562896
474993251 597044006 713984809 807832236 752697
152907317 168329939 411658073 337900856 304868
552193253 80659416 580606649 90240969 494395
709997274 478373384 885704887 505024579 157361
475918310 410691282 516947495 529917935 28015
451960229 445892558 545761116 497398853 663179
10330167 465919941 196997547 665455595 54619
33163592 620716488 771798595 817741479 923531
395026840 137125580 640626832 325137945 643793
422983235 435407853 951888832 701337653 174167
136277187 631604524 632744020 982702775 550941
11418159 217444047 712397575 837689578 926293
824351489 458452019 824736476 486477587 539159
813468020 76098531 972186632 130632580 219131
270989079 168582303 441909148 493614045 814707
858708491 223483590 932777106 554180636 355407
60887096 10628154 756281244 565696817 215541
159107394 293809021 616489336 875140217 290073
355191153 368391180 937063157 840636651 258323
727190784 359050189 820604468 552291220 457032
20996806 15554711 796610676 498978912 911028
197715698 643512955 587566971 901251269 894371
350011239 454216429 744050188 474163318 623959
340025296 144143783 595732845 913146795 985644
26509256 11933856 145843093 699001402 317200
185850636 650563760 355248118 943395092 524022
698327032 380630638 911185431 784279163 250449
249349170 70888086 550305477 919551150 615896
389357665 334632692 973859821 551586440 449792
31214992 644343870 874858109 712685533 437006
118658002 58544967 583543546 65710130 733237
718455410 718436547 814656197 926995629 476927
112322169 648527331 980884930 746542633 61989
75974692 8598732 809387579 301345319 315386
509626209 107359785 872011083 122893620 781505
37960977 139985695 203738260 793471243 711810
435644061 97963797 864566228 890221588 557509
684300791 268447845 732767147 946190924 432212
87659565 120510307 960494174 390991113 633822
214095822 273354822 599950999 733696106 331047
205428898 637251150 572109039 945309432 581697
17172314 144211002 328712987 290763017 247115
389121263 67485106 853971602 666340704 789505
488672700 937581350 544069431 982536470 726343
271549396 216555140 696329473 527931891 923156
136952209 239281042 152580642 327358770 726970
263038128 5966702 866573426 265460022 95946
400270187 67745437 431209943 735670216 943112
168234797 79248659 340615798 685780924 333867
400793972 269768004 958757636 635553605 842990
174190118 386080943 505650318 665082025 289993
780672566 125089200 922589221 786200432 759212
12129031 333723117 671863495 989144392 120034
205605885 109899750 729989897 159102146 140409
377212325 314168219 630591598 435803525 947339
29966834 141388833 664952871 150982487 181228
82610403 795663666 785421828 951585837 547787
288458399 42699291 973419702 527487246 627285
622931683 422995634 909727646 501958261 710405
363064447 23102795 559617828 665928176 114037
497636289 117282737 928439653 462047447 552756
727445215 547309328 955398789 652201298 664392
67611902 334370845 953554556 513943710 688930
5914718 62907981 528911895 780382910 465537
171998948 66308752 700160650 537125830 551401
529956432 8563447 666293913 67555265 432574
369277093 5340799 601428902 803008064 474198
65591617 302736991 191933313 739179202 831188
115362473 771191897 862446501 866817310 898166
91949745 4116954 474152368 914501799 252793
78539148 17602472 458207948 452484371 982197
61048901 550531035 807235363 699162681 641762
619529869 9800401 718098109 83282559 77367
289914570 101249786 458750433 752217895 595195
25060523 285398443 683499361 683715718 630944
159014486 86792527 718385745 549131359 583555
369586829 123111072 894013621 536828667 588416
33346142 293045360 724746850 748355306 374304
213123298 753524869 781390118 961195015 607565
94358518 479170857 248677985 527700027 900543
161590266 73765786 683484177 428518230 206413
46572042 52245579 563613209 96819940 593995
340494251 435935881 707615243 917930594 956504
236993605 23153362 872959984 362332629 339552
358004395 261376931 986168869 523666450 22938
915356680 771313002 970819247 974340492 314516
252560768 361124497 423613235 552329418 700924
243285317 87442125 760963521 248762755 941155
520990965 353388850 691146097 797298514 101189
185237812 233596713 459831869 748043570 990031
122652848 428089179 665768682 977416082 592582
744748153 447495948 883021494 475743820 644821
92764855 353357831 743277548 818768842 184359
17474285 71022319 742350236 947894222 186280
918185249 215618177 937692933 914971180 771544
49781584 68823226 862928120 746433922 247613
125678250 4087445 727540667 736413066 125795
567297370 503108613 885625768 532483489 323646
39209671 716209266 570422040 866927708 275421
214923431 123241793 883443339 943589142 557822
2543031 5372222 162608382 938515917 605174
145505480 674195267 869109475 732158010 359954
161414327 618730922 894770474 726843417 303962
39062620 36498269 163436372 542925198 765262
311498569 584296376 750793653 767994778 940542
22509727 156838395 691293731 480185225 448475
32641856 389897380 540584294 796322385 215170
676365235 39544267 841027124 198487092 430032
429100282 169617482 834705022 638336142 203599
79828739 651803838 603776894 818008577 498
451744349 112564691 637615582 461671338 647209
332138253 730598196 645365205 860566278 50380
840438628 45053054 936779738 47418986 925151
1163299 17192048 52535210 136474131 920617
14352836 350610430 237806729 709929382 963736
105067489 156983926 541128711 430708367 908960
576669580 86692127 956595691 491915343 649017
57175224 18782752 81190744 713697141 595334
301664395 227722053 710444685 657574777 412771
232178867 45409648 636237829 721092168 826134
81441399 277000171 944794141 454020447 233517
102341752 479610678 795173283 716403196 516534
417434220 157628654 926573217 780839370 707967
59494580 41081619 294659689 138488782 498425
927212315 161530505 944391401 334624824 850921
81472689 115072516 459155342 802891201 644300
218938596 216638478 718365962 854474239 96660
785953725 352326572 940264019 832675900 902380
578288403 676158629 661266380 929669739 84520
4415002 72088964 775323103 626984933 496296
331514552 192478339 666049769 259194351 604335
69888553 723018221 763755566 736333941 744200
547719794 57161648 790610921 316408451 304564
13290913 600525859 538228635 628049466 949892
770519635 657493091 810121011 797097229 999816
3425296 237206705 670776068 379869982 888137
177653991 758455171 931464346 828340601 597246
4054125 211180750 671863599 335471045 258519
81334019 514027523 834389377 619748158 586750
77399574 65524099 669848346 824852226 399561
232579246 282324268 420262751 332128560 687946
654426573 683639317 681467947 694474356 858426
832997668 99263693 976333006 538889861 73111
639192599 948001530 746136255 989787677 516196
193364606 315932629 549583514 529153709 98798
781859673 263071312 918178451 800717194 330650
63916561 296795805 435561233 853357248 967402
88101842 50375699 636687923 111408904 790139
639165606 743120942 945958353 900583324 248083
341592679 116353408 937048161 717346100 687021
9946071 452869410 694112096 810810162 635713
390722865 21666368 660400950 163262147 782342
393214688 818666089 819027540 952062591 296334
79928316 143425751 563615982 970906215 500531
113461905 291214120 340847868 781737378 142894
29547638 331407987 194435770 559342496 385932
82848641 220089826 892972590 660684609 263405
2344618 102601995 582523982 751272274 731599
179763607 924644200 261734466 924918360 382902
623217707 53164725 833096541 935233708 314502
24147699 167926584 125355471 768946389 568324
640508091 531102883 958645412 831429866 96228
394672625 364466100 593400282 478801371 364650
107303243 352320200 833169815 491685458 397529
214728761 173742360 611999807 227065698 63179
554352945 218525103 899105609 225869122 224137
129969278 195764925 848736914 927908802 125850
289957870 474504625 802469695 910843899 945996
103178452 315798765 670712470 539429952 730197
326335152 41648420 407183913 657109642 792859
865633058 123284339 964775351 286075960 240928
720431951 370329509 906525485 786981865 406376
501834245 238581529 599793767 952852524 767533
446969175 106105597 631316443 611736253 320348
115949206 6259010 464919752 429127730 654678
112096299 5466051 651890258 452317452 283963
49832685 532424985 682468174 605288428 552136
324141990 75771634 595683022 835880331 33161
12549671 261901669 18931667 356930707 853112
64313399 169512869 847031744 393408639 456555
543019623 518282590 581801092 837891647 620944
94775956 52600381 757665643 301413770 319482
306363657 60386664 965793794 181176272 258899
43044803 337988945 278930878 827443724 38137
292845329 894964209 531542450 966392419 980269
141659421 457991064 832408829 586695638 400379
484043343 441389543 818511041 727801984 74970
107439207 844471762 110459489 859739193 134667
83868643 269500786 456681973 347349027 527437
275010740 147113719 285014736 513677414 87853
2846229 30420886 332826197 407971123 706210
972416656 314008851 989123100 849162300 436717
810047196 35964775 846256154 209879771 146017
426411213 500512874 550046090 540310046 66800
495713570 44441821 899397980 368887470 843232
301199398 432304785 511520814 546260535 322273
277404164 184149959 785492125 937765290 726891
101834231 726200477 959572524 776432337 631981
258281441 477892110 721623018 871711494 831569
472714464 31621508 566156018 369969388 324630
153815224 395137359 260633892 754649804 139383
180505525 331446954 804411318 509432304 354139
217271046 423278254 771195758 952253416 8462
63466705 485017564 889713433 971512340 740977
547908712 63441501 961232549 291827442 634787
233260418 165295077 673306161 250172744 498500
67383780 25702023 708958886 233798808 661478
170804292 107351942 447608115 315078184 831827
427672865 109560461 609859079 270058740 280263
422608949 60168407 578597291 678699415 401882
571148593 782493303 648124387 835479040 67872
231828538 124860497 980598226 599881086 668316
334430452 807885759 739865522 989495318 318373
43195641 10108968 459613007 932644180 577001
580520157 577048956 923974628 787304533 632219
146487 107501940 544337031 185122375 930701
372631899 5192598 903692750 554990419 471791
642259332 199766295 748158382 574151667 19877
28769167 132547772 582840643 922751512 742129
80334282 558530451 363247498 597669044 588683
56994945 722308016 898747000 988322842 974528
613220222 322534311 695884185 411227779 418528
26599454 380407996 458354847 546054934 635301
124339866 257678698 196462192 278522525 194056
621375784 42804905 807995169 435688595 958474
68891849 164598988 534014762 851927315 232559
39630191 137668145 51469233 193463253 603775
695128742 510705692 932521009 544925651 406964
4258827 149635355 560431714 312524650 44042
59095305 364582563 830755654 870324799 274644
339923317 486835999 720239137 784670993 286318
141693644 471684148 519954766 561771097 312938
352590568 758494826 445858033 875272881 307596
602206 438794387 565039061 969831971 401705
56197348 763489996 113292939 882404848 550526
44624273 321342086 668045776 800833910 492815
24957157 695609728 128646455 792403496 707422
119796396 225833526 933705315 915199154 445812
378208764 374174354 893540033 796080007 232456
661122195 193320365 785595223 769434399 888600
320275249 272073754 791406496 448247333 877594
53282496 509911527 189960768 604203436 777691
110137480 97189485 188526189 814257776 592992
656150113 586405040 907034391 688066324 246952
69286706 12875817 425485419 358509646 474813
518318310 208743924 767034753 975142516 51087
140342903 393609210 765593065 599104893 94447
287512105 377726179 361793517 930414140 213115
100006866 754448137 795943958 921675225 369865
167878832 402611378 227204650 893484106 925190
25457204 161059914 375662700 509965069 562572
534486129 947454822 740944705 977253281 929428
54239960 77924585 706441025 510201491 454004
244339240 620856810 494735360 753492915 348091
758967444 60434967 879360685 432557335 699302
651880507 650966725 917462401 841580995 544189
477761469 295636544 653837909 379898058 702691
62683934 627481783 962808162 700382025 603305
201565063 122285715 512714163 128040709 140405
322359975 78100776 516582794 595837023 207879
119424101 56634141 600251460 341093193 735360
93048597 292653341 680129135 667897543 965526
609855771 699474645 818057004 893741328 858031
146731847 554220989 605690113 603904351 563663
380926095 334209001 383850485 369105536 465948
18643352 301565103 510807890 392178565 262395
69980116 127749635 751935285 628050979 662242
46409430 80336892 963554563 259704727 908460
80679211 770604782 479195234 913301214 861783
1781250 376224383 778752667 665676271 331507
115555338 385643732 938704143 813332072 535657
32296696 214162070 421037651 290185560 327777
249724389 299949244 970595154 727738263 802978
545763901 77860471 546294429 751210964 373653
470773910 11991507 606216126 967333016 775316
26490011 7100917 410084021 126990265 105578
722829366 278146477 949782091 741638480 406261
500055041 319521817 957307909 321546569 555751
461347727 318205340 951162402 455265212 851544
3747589 501681138 527066822 835012058 8855
108781761 747499308 216296177 786456724 513185
322844829 410762765 623569821 509331874 967955
271370932 46558989 601166755 823454736 621616
478541804 525825007 616241570 651416088 668438
514552369 165002508 795746873 737007835 985528
295469219 323371895 449154246 761950447 307287
59716937 219893714 484332893 226187327 273290
844015248 27763278 952733146 740891368 952264
283323559 598442991 908119518 640789292 414030
503333562 140267454 670365889 589074195 33551
440482487 79151209 698229120 813010994 797138
418038842 559791350 621992708 674028339 340522
308901063 28425484 967559625 232174235 718533
935068506 136645378 954289971 411034790 339720
44357833 33981528 429447643 931247685 1038
78264495 564438243 807129509 924354079 281934
334878159 12901988 431166939 890046366 842548
230502124 136165719 905645495 967211369 249572
619226978 4896568 960994611 642049078 218369
36421623 78003300 862681895 898356945 119399
809202462 251825577 889671242 568908812 190034
404666057 236761405 467212292 934688529 714523
204911183 171461472 448552072 940051712 372471
389665965 83728984 631228497 488116093 626705
125490212 70690663 212098892 871025693 779231
464403651 260142207 989886534 276572352 346336
36926523 712524886 405802797 794276657 407641
82311426 221646692 124803478 627998467 88443
418892269 409214110 965606185 663948795 346332
167045788 519254256 731464013 777415481 717763
17908339 290756841 990702177 923716956 573908
401826403 453263985 871330014 752539599 283180
124013331 232899720 933421389 438222166 884138
367496687 353832831 486155268 783779281 663648
187484404 484846457 340048463 740516168 424660
473167347 184634766 835620826 883638042 647821
518280551 340527003 986398745 977419215 825534
659781732 138995195 777501269 818814667 881487
139211545 118728425 249309490 196981711 811682
417566945 862681007 530646117 864064798 622166
288747276 718485709 450443170 809892352 383957
25859815 656325125 630611956 834197205 160013
191928412 220365884 427588153 786783187 704262
664382888 515701056 936627479 842890237 60841
15171388 20938086 624727466 746954073 71873
424979175 389610119 781496199 887362882 608909
862236295 385743303 933343705 487075440 30069
580808658 130917968 753523965 766196590 123912
288272473 65324657 340345160 77647091 67902
18666088 358055925 154558565 981307133 731160
179444541 650338777 345040388 887937410 170061
669917099 35364754 695296507 832900251 90605
163021077 499086146 350531418 626877183 713834
301803616 508262188 527026289 849978477 624529
76641507 113096132 321032429 416598528 754070
686378367 472041064 789553824 729648349 160467
145871768 170969180 757146789 387946742 519081
80600490 383232752 689388705 881672564 602042
715618116 77600893 725581261 485235605 900508
366476709 390931761 758442564 828711396 614148
54363788 11618134 637944840 700543249 528021
63822747 218124914 321247042 867547554 755527
33103529 172730524 85210068 546998906 492965
19133496 40094185 346080716 192860929 788959
350173986 268973115 971045449 632610983 233563
292914828 390146170 573294240 779973850 88093
263689374 385280058 892530825 568528250 717680
692554364 165717577 757253158 192807586 5059
23348226 217105560 456404256 767722087 413861
52496697 843674402 594131852 922544854 408417
505786487 431431450 966769782 806190761 566457
742823128 98850862 820068820 346594488 892346
400484718 44361119 435070280 732888922 379703
337821540 612838691 648291819 656043895 678146
34990759 88295639 960164660 826634075 578560
19233877 48700348 677536830 934202267 462523
237525586 713402708 988966458 828810405 95349
288036186 596020958 460494691 796186428 674133
196557476 381942290 673340143 504628624 430341
508941156 346626085 918557540 729615076 943125
332234220 403036534 863476001 894129221 587494
65325642 563904671 196946220 802802707 454480
33075700 428897450 617936564 852492167 306012
214360905 79149248 678701814 301233613 16837
241657162 433323835 897467451 603291008 626447
25285029 332850610 37490752 911187137 303381
106919042 337504934 564764897 918882718 97205
97205661 378422728 803647474 647955900 215942
16544269 472628937 93374423 680848244 747
819432907 189218316 833732156 998527796 934384
114935289 763974932 945579222 922582148 208675
582950512 477284627 747769299 828840764 283023
133216084 198520249 630248580 284746807 998312
114072082 90785237 680269753 299563982 160100
5240268 257483852 870082326 819333328 530438
112028480 312483520 312986918 976657901 323018
131379530 331706964 457958774 482554788 54038
541553894 653579050 729879681 661190097 217524
625383340 668166427 919878798 825805540 131620
691282023 283408869 927110816 957608720 285001
168738194 304395711 465646201 478269117 737277
139048711 322456419 998301030 948655778 287684
80234986 37146225 581951508 218449711 836262
486571198 65812932 649091614 977375589 853113
42429075 3289762 805217931 933871300 430018
43404224 143331367 173614297 652680246 100076
836482104 119747243 985709825 929154395 814360
225417162 214820071 648090611 425071620 901269
281887665 337043567 776836623 385527580 857255
21152257 171164837 79790703 451039910 476654
134931563 602511329 644093211 638022072 494092
155848525 256833343 894044144 563577175 191887
258949731 11755027 409397075 199017731 710106
256850665 446979379 484608841 562784456 349183
