99
10000000
0 0 100 100 228906
11 31 88 41 549384
67 65 87 75 587843
56 64 75 87 255422
19 2 48 76 874563
16 13 80 29 378636
49 25 91 29 444668
71 10 92 69 795564
26 8 89 37 721577
27 9 48 98 203568
52 18 85 34 682737
92 68 98 95 713377
56 5 72 62 831000
6 67 71 84 279640
40 72 86 79 870667
4 6 81 36 187442
65 2 67 99 946409
21 15 23 48 747795
13 22 29 89 768984
26 88 81 96 468797
38 63 47 89 587086
14 33 50 82 959044
17 23 84 68 242139
1 35 3 38 706486
64 27 67 34 134053
5 2 67 58 614964
52 39 94 84 750598
59 29 100 99 343991
4 12 23 97 842829
3 75 45 87 159108
77 21 82 94 372404
38 33 64 37 913037
45 12 83 90 86497
80 18 96 61 145457
72 26 83 29 585425
1 71 79 76 74481
78 14 97 84 631379
45 46 64 93 935351
26 31 95 94 395157
23 71 74 96 240783
31 31 53 46 732575
47 14 88 15 859373
28 54 96 64 214813
51 40 94 84 798494
58 6 95 43 138056
25 60 70 67 503896
12 52 30 97 835470
57 49 96 89 329693
94 5 99 34 115337
59 16 82 22 911929
59 1 60 35 293081
29 24 89 101 951245
23 22 92 46 339567
36 50 97 57 477482
80 20 97 77 171596
7 20 36 70 575276
3 14 98 77 513455
5 5 27 57 517578
19 5 41 85 197563
3 5 12 89 156250
38 36 97 100 464738
32 31 90 96 999246
34 27 70 94 759765
15 25 101 90 771806
54 5 79 33 21834
9 28 96 53 579161
39 3 95 68 315425
37 60 101 80 302210
4 12 45 17 747748
58 42 95 81 373110
14 26 57 62 146686
47 27 68 101 574093
41 26 96 27 21082
25 64 36 65 338676
49 34 85 77 262728
6 19 23 99 221974
11 14 50 96 770802
58 27 66 58 811912
6 51 97 91 948555
54 14 65 90 511047
6 59 67 79 963564
18 54 69 85 143465
20 41 46 101 196060
43 89 90 92 2534
62 80 87 88 387012
74 64 90 70 389151
64 47 90 61 729000
36 73 97 100 932853
49 62 53 85 739474
30 41 56 51 952483
56 52 97 73 8794
41 52 75 74 310571
2 32 37 81 498502
10 47 34 66 150238
36 26 81 36 172581
53 22 100 78 769486
12 53 65 93 448778
66 50 73 57 82993
8 72 68 86 663594
