997
1000
757 174 925 347 5
499 392 842 558 3
538 724 771 792 2
74 326 508 814 4
449 396 999 500 2
88 202 765 873 4
363 328 409 592 1
124 406 950 765 1
65 529 111 711 2
721 487 733 624 3
25 123 142 652 1
282 65 494 244 5
275 213 321 387 1
548 179 893 368 2
257 630 993 950 5
242 355 430 601 2
636 813 785 829 3
614 181 707 701 2
657 73 824 562 2
415 45 738 970 1
469 338 938 780 5
385 51 565 944 4
688 341 721 711 3
160 149 504 970 1
840 433 905 983 1
354 121 374 188 3
442 824 779 969 1
81 108 367 628 3
577 959 704 998 2
170 184 348 202 4
64 218 355 452 4
392 550 846 872 4
756 358 1000 757 4
108 491 434 650 4
123 404 746 931 4
66 128 491 356 3
52 322 394 848 4
429 656 1000 845 1
33 485 56 694 4
85 224 901 591 3
469 31 777 680 5
401 350 915 963 1
793 752 986 841 3
661 687 924 921 5
235 187 911 596 4
535 446 688 871 2
477 255 675 372 5
239 192 815 599 4
455 254 562 300 4
399 55 488 412 4
153 437 815 705 5
197 170 717 898 1
650 239 758 521 3
20 220 736 632 2
32 918 133 977 1
750 114 880 790 2
173 161 329 349 3
554 734 762 945 4
84 633 143 673 3
62 240 363 394 3
23 890 936 906 2
690 103 950 724 2
371 571 827 983 2
299 246 419 338 1
539 560 629 664 4
676 574 973 916 3
647 913 952 963 3
312 64 803 978 1
371 111 586 189 4
359 63 395 493 3
691 94 847 687 1
310 517 990 873 3
147 315 638 863 4
19 265 232 422 2
819 336 957 468 2
710 191 757 420 5
395 458 450 616 5
381 146 837 934 4
276 93 707 251 4
73 227 266 484 1
141 45 775 133 1
120 241 187 667 2
66 326 919 870 3
638 105 656 362 4
22 383 833 886 4
338 450 872 657 3
655 467 785 687 5
347 587 402 912 1
601 821 706 852 2
149 86 764 662 5
466 23 936 871 5
779 179 809 790 1
677 116 850 556 1
555 100 769 995 4
535 505 712 514 3
462 9 689 150 5
343 50 574 923 5
706 88 808 995 1
247 180 838 502 1
290 18 812 933 5
152 473 387 596 4
80 162 662 985 3
439 231 668 936 5
429 11 791 949 1
422 635 894 998 3
3 66 26 861 3
374 44 378 840 2
308 590 364 640 4
412 390 872 811 2
354 276 972 934 1
228 15 288 80 3
707 48 889 856 1
652 760 799 819 5
825 78 834 118 5
672 377 975 390 5
399 119 925 253 5
212 498 658 564 1
139 253 698 499 2
225 270 669 348 2
551 106 621 684 1
80 118 159 668 2
332 232 385 674 4
828 188 905 942 4
203 567 273 851 4
509 443 518 874 2
820 190 885 684 3
252 9 698 354 4
371 277 434 688 1
239 642 659 849 3
413 401 790 449 4
209 160 652 947 5
541 175 909 539 4
597 167 671 979 1
174 73 929 74 3
159 584 218 781 2
371 503 426 512 3
176 418 959 481 3
44 144 265 831 2
30 241 334 384 3
549 170 809 968 3
69 246 422 964 1
284 162 616 395 1
116 248 626 881 1
754 226 924 469 1
122 108 788 850 5
351 215 453 475 3
769 230 891 424 4
605 269 915 796 4
712 263 746 466 1
197 667 692 880 2
787 373 864 905 2
250 42 616 485 3
843 449 957 541 3
153 193 815 805 1
669 427 896 895 1
264 34 856 460 3
63 542 487 688 3
120 731 313 868 4
523 254 661 387 3
439 470 799 715 1
878 229 993 377 3
164 173 468 555 4
514 235 992 935 3
29 909 164 994 5
188 245 582 371 2
55 103 799 669 3
41 556 202 678 1
470 648 745 929 2
41 266 353 595 3
337 549 872 913 5
199 101 648 282 2
321 108 328 398 3
26 137 568 714 5
248 401 916 784 1
351 182 841 741 5
353 433 634 940 5
391 317 874 548 2
13 233 277 552 5
751 390 971 672 2
379 201 860 377 5
568 422 820 506 5
96 762 681 863 2
59 624 864 736 4
269 365 808 816 4
513 4 815 548 1
41 58 355 638 5
233 695 278 953 4
321 483 659 846 1
136 610 749 756 2
131 185 737 792 4
32 59 947 266 2
414 39 626 508 1
498 186 653 840 2
308 61 986 695 4
765 368 800 600 5
587 240 991 406 3
110 467 309 592 3
162 79 665 808 3
173 83 973 280 4
307 776 598 996 5
524 408 574 934 4
542 23 792 127 2
55 410 983 687 3
293 349 408 575 2
918 168 996 405 5
596 149 737 352 3
52 183 867 662 4
411 549 995 637 1
81 415 489 728 1
473 217 712 962 2
164 39 590 275 1
114 104 888 834 1
872 371 939 940 5
612 561 691 993 1
39 927 412 991 2
55 352 421 863 5
171 628 280 841 4
527 513 826 771 5
390 84 974 235 5
13 396 135 653 4
410 792 843 853 5
132 131 269 434 5
487 303 540 882 3
133 158 956 971 3
65 95 640 460 3
55 723 859 865 3
552 432 900 619 4
12 224 818 712 3
379 515 656 585 4
465 178 843 471 4
366 471 464 616 5
333 59 961 96 1
116 649 248 877 1
472 490 897 742 1
427 190 479 349 3
321 326 346 605 3
450 38 568 750 5
12 82 422 423 3
319 282 365 694 3
836 734 951 748 2
599 176 845 896 3
358 464 460 759 2
423 307 676 925 5
318 431 718 964 1
448 826 897 989 3
119 479 223 524 5
931 131 983 286 4
67 561 905 684 2
89 74 416 983 2
192 66 270 812 2
532 78 569 755 4
459 80 904 727 5
235 203 277 932 3
649 626 736 881 5
387 348 877 633 5
301 295 376 863 5
81 284 712 747 1
25 598 293 851 1
623 541 852 725 5
182 115 194 118 5
191 292 601 323 5
26 317 191 966 4
118 349 480 507 3
534 69 973 212 3
176 711 678 810 3
579 313 760 320 1
929 333 958 453 1
202 505 296 537 3
457 473 949 934 4
437 86 531 131 1
432 750 879 833 1
633 152 932 617 2
853 224 961 875 3
572 366 633 638 5
754 536 975 575 2
41 417 794 881 2
223 466 864 731 4
362 556 783 622 4
335 206 486 609 2
352 129 711 387 3
359 429 377 459 2
84 199 131 956 4
227 592 262 868 1
344 212 904 532 1
135 469 781 641 3
266 58 874 790 3
320 860 474 966 4
482 947 756 968 4
53 565 595 666 5
224 862 845 896 5
442 539 680 626 1
452 176 478 743 2
302 278 965 753 5
507 218 755 408 1
89 82 822 668 4
449 541 960 911 5
482 598 490 916 3
130 257 806 273 1
141 324 300 339 4
199 424 347 642 1
211 432 981 693 1
173 523 556 811 5
46 266 741 920 2
366 148 620 961 5
581 112 839 229 4
139 684 387 879 2
332 210 747 560 1
107 489 978 506 4
354 34 356 458 1
54 142 288 167 2
552 98 957 934 5
190 240 840 531 2
158 352 532 624 3
268 598 369 906 1
594 427 838 838 2
226 213 619 308 3
283 561 694 644 4
573 160 723 757 1
408 252 612 826 5
276 348 382 461 4
383 132 599 338 5
691 308 809 815 4
72 318 317 971 2
321 137 490 925 1
158 163 240 958 1
187 439 570 634 4
837 301 963 466 5
589 379 753 826 5
204 310 637 470 3
241 546 633 605 2
412 419 495 743 1
382 350 398 842 1
328 62 668 261 3
287 109 332 739 4
208 154 804 728 2
61 159 435 691 1
518 470 827 732 5
442 260 495 713 1
120 100 596 252 2
457 844 566 942 4
207 92 277 318 5
41 63 683 865 4
400 315 875 769 4
324 778 338 794 3
472 927 750 950 1
378 37 982 81 5
775 74 887 688 5
163 291 360 557 1
122 75 876 636 2
636 340 850 407 3
267 747 620 781 2
643 519 952 920 4
296 439 931 789 2
144 507 911 555 3
278 654 804 772 1
139 184 588 277 4
341 508 648 718 1
491 473 863 617 5
73 320 302 983 1
38 319 639 585 2
123 328 493 985 3
241 198 576 248 3
758 294 976 467 4
493 54 983 875 3
227 207 808 640 1
252 501 582 547 4
463 504 741 539 5
543 964 575 983 4
570 516 869 640 1
875 29 997 96 1
42 434 272 886 1
198 773 812 783 4
111 548 991 866 4
245 465 573 574 3
408 487 778 948 4
385 308 518 491 2
722 153 901 916 2
669 39 877 811 4
117 283 233 617 5
181 835 241 891 4
100 83 413 661 3
21 20 280 957 5
641 52 644 245 1
126 72 868 944 1
32 333 658 893 5
12 149 967 576 4
279 453 965 751 4
78 175 541 491 4
694 14 798 929 1
932 273 985 554 2
37 65 899 125 3
169 706 688 935 5
726 335 816 959 2
191 208 758 746 4
115 66 635 687 3
98 500 636 650 2
171 172 496 359 2
151 787 342 789 2
566 3 992 183 5
273 693 709 725 5
376 145 961 749 2
32 495 823 832 3
827 389 878 841 5
230 95 443 840 5
157 201 793 358 5
254 70 816 740 3
818 542 907 948 2
94 559 716 891 1
937 494 978 936 5
655 599 866 681 5
65 536 577 582 4
401 760 993 859 4
39 41 828 98 3
296 35 346 899 2
239 330 436 637 5
96 556 204 598 1
580 528 946 716 5
499 547 537 847 4
334 463 839 624 1
413 135 848 797 3
356 34 460 170 1
583 784 825 801 4
965 514 976 673 3
140 421 693 901 5
226 621 824 996 5
543 744 816 751 5
608 387 698 452 3
506 244 909 983 4
37 122 394 817 2
277 309 792 323 3
188 242 271 379 2
339 594 516 887 2
393 146 993 170 4
73 121 119 991 3
217 724 330 848 2
291 450 505 694 5
52 458 521 825 2
239 82 334 441 4
201 32 384 143 4
790 150 862 249 5
278 967 320 979 2
5 688 853 991 4
4 304 204 314 5
897 219 920 676 4
99 278 998 614 3
223 212 861 550 5
33 596 113 901 1
381 14 562 747 3
645 5 944 223 1
387 398 831 731 4
801 210 933 989 1
602 144 890 822 3
124 811 622 887 1
599 66 754 733 3
177 277 248 847 5
93 919 806 953 2
261 32 803 110 2
43 148 853 487 1
150 753 684 933 4
290 897 975 961 4
871 636 873 989 2
16 143 306 172 3
242 589 709 869 2
99 139 457 194 4
504 567 671 572 3
66 405 206 997 5
383 332 578 524 3
676 267 756 796 1
401 682 718 741 3
528 452 784 589 1
23 107 994 491 4
468 67 907 895 2
489 20 831 480 4
189 157 301 898 1
313 187 984 933 1
110 6 437 190 5
339 339 668 665 3
180 475 895 596 1
426 677 601 941 5
902 431 992 716 2
5 673 944 946 4
246 418 956 757 2
634 294 776 427 3
143 170 150 834 3
786 545 977 635 2
576 199 728 415 2
525 178 721 747 4
168 369 503 958 1
325 13 335 633 4
837 619 992 902 1
858 370 946 409 2
408 103 994 364 4
441 61 707 258 1
247 147 533 775 5
621 398 658 665 4
473 461 730 874 1
233 144 694 739 3
63 382 444 534 5
397 431 832 575 2
159 637 733 650 5
508 438 932 925 2
526 511 807 608 5
443 75 743 78 5
162 472 368 501 1
632 721 1000 949 3
238 565 596 775 5
296 279 822 949 4
61 329 380 773 3
549 292 972 442 3
59 438 775 505 2
225 437 652 650 1
64 271 712 988 5
367 657 478 793 3
436 352 972 541 4
532 65 813 382 1
10 243 396 679 5
170 201 625 954 2
467 660 826 683 3
82 167 430 929 4
525 401 659 443 2
365 500 730 871 4
504 288 544 296 3
931 60 956 161 3
217 671 369 930 1
491 422 965 610 2
650 291 869 661 5
107 593 286 960 4
809 491 970 661 5
679 224 823 417 2
66 915 908 948 4
403 522 792 541 3
86 172 303 899 1
144 239 560 410 4
163 470 434 973 1
301 815 866 871 4
549 82 786 989 2
208 44 437 248 1
62 106 885 153 3
459 393 679 902 3
365 309 435 911 2
16 132 261 317 3
427 50 999 728 4
340 532 922 953 3
218 120 483 795 4
658 284 728 427 2
445 107 472 912 4
879 86 965 87 1
38 504 783 884 2
424 391 438 970 5
100 35 695 484 5
547 582 887 955 1
62 516 478 579 3
263 85 321 407 4
62 516 293 711 3
256 790 476 860 2
3 160 706 451 3
155 425 667 903 2
422 187 454 595 1
511 88 666 213 1
55 399 462 565 5
430 475 632 700 2
218 287 734 966 1
132 317 222 851 3
121 25 396 504 4
405 260 601 434 3
445 323 537 773 3
213 431 240 496 3
132 147 712 892 5
53 261 484 735 4
25 110 834 803 1
547 612 612 712 3
103 436 738 481 2
78 817 782 936 4
266 262 839 586 3
478 173 835 312 1
352 724 961 839 2
68 154 985 510 5
345 450 576 683 5
240 202 789 237 5
149 87 559 628 2
163 554 674 755 3
762 157 815 588 5
148 807 701 973 5
57 141 207 776 3
446 308 860 421 2
393 414 498 421 2
78 377 360 553 4
457 512 866 846 1
206 325 888 531 4
68 879 758 970 2
517 312 691 729 1
98 128 932 632 5
427 155 911 485 4
94 73 845 262 1
167 167 519 877 5
201 219 647 435 2
53 220 723 435 2
52 52 856 425 3
370 124 826 881 4
310 389 361 901 3
89 89 610 376 5
149 49 437 740 3
177 777 901 922 4
650 403 721 949 3
417 803 592 897 2
433 623 747 853 2
510 446 614 765 4
356 188 525 909 4
842 110 848 829 4
366 7 979 924 1
140 220 913 849 2
360 406 905 581 3
145 373 168 585 2
407 238 617 722 3
398 564 489 742 3
134 116 603 151 2
362 829 490 915 4
776 818 957 917 1
465 344 669 733 2
633 174 852 818 3
355 172 370 366 4
363 87 503 715 1
529 498 951 952 1
282 868 755 894 5
3 192 405 738 5
5 273 292 490 5
68 72 657 287 4
37 223 774 999 1
225 225 408 567 4
224 314 995 501 1
396 80 447 340 3
56 198 996 675 5
210 115 591 945 4
221 354 467 459 1
9 576 26 824 3
60 34 405 894 4
3 271 350 520 1
377 280 747 898 5
58 597 519 958 5
235 530 896 552 5
669 33 876 411 5
438 98 643 659 1
391 28 690 457 1
12 527 69 753 5
296 150 537 830 3
315 200 472 896 3
646 9 843 383 2
365 254 762 938 3
648 648 862 981 3
130 202 373 668 2
639 750 861 809 2
615 7 891 446 1
46 93 252 728 1
517 385 866 621 3
49 908 398 927 2
230 287 679 473 2
301 530 849 576 5
454 134 722 875 1
351 428 561 649 1
526 70 749 904 3
745 816 914 873 5
658 448 890 736 1
412 540 637 831 2
602 63 648 349 3
109 220 590 746 3
805 630 909 702 3
11 378 763 499 2
38 554 722 646 5
90 685 91 740 4
271 504 591 769 1
304 840 464 870 1
834 291 908 676 5
521 604 895 801 3
85 391 840 933 5
163 865 300 994 5
396 64 754 844 4
392 220 517 401 4
175 169 278 778 5
28 108 568 609 2
476 194 761 360 5
399 596 999 778 2
337 876 986 989 5
209 126 512 130 2
206 575 745 898 3
482 84 772 971 4
109 5 925 990 2
99 366 263 373 5
493 377 703 839 2
199 52 694 123 5
622 486 984 868 1
374 611 585 635 2
310 135 343 582 1
160 898 304 904 4
131 357 295 383 4
332 18 363 209 4
716 614 761 854 5
456 151 588 905 3
577 47 723 337 4
32 55 754 921 1
187 146 398 474 3
143 708 839 734 4
307 652 545 932 5
118 233 206 551 3
49 146 168 497 2
10 51 752 713 5
752 205 956 282 1
320 184 589 501 5
263 306 770 470 5
417 412 893 574 4
803 463 872 466 3
59 226 941 735 3
164 2 496 541 1
494 676 530 790 5
199 285 354 787 3
148 729 735 758 3
322 82 955 932 3
207 123 993 292 1
267 671 426 728 1
621 24 636 682 4
640 426 796 961 5
652 739 994 759 2
349 163 441 952 3
437 226 679 550 2
633 281 866 569 3
562 588 676 693 4
345 507 859 511 5
818 569 832 976 1
283 294 783 684 1
428 587 733 784 5
521 608 742 761 5
326 255 1001 783 1
302 408 409 772 5
366 188 795 714 3
334 45 963 126 1
823 628 863 919 4
290 406 663 966 5
939 132 952 187 5
550 67 685 537 5
607 562 836 732 5
603 340 927 533 5
376 2 410 99 4
286 751 751 762 1
571 123 600 845 1
649 403 700 726 2
178 550 684 874 3
382 271 560 385 2
700 384 852 986 1
433 73 858 282 4
522 305 535 484 3
458 396 512 842 5
568 174 922 177 2
70 223 674 495 5
518 458 816 959 1
361 204 622 808 5
736 324 987 921 5
404 640 858 870 1
64 530 934 957 5
225 276 495 577 5
361 295 816 782 2
483 149 697 968 3
364 831 702 883 4
298 30 358 966 5
409 712 544 845 4
278 250 839 720 5
372 357 389 411 3
118 320 987 496 1
537 276 730 589 1
329 395 816 585 5
96 100 630 577 5
193 671 688 987 5
908 50 966 528 1
645 848 682 887 2
595 242 822 1001 1
237 520 682 540 1
413 435 451 730 1
40 567 242 660 2
423 97 741 845 3
442 595 491 781 1
503 808 958 967 2
861 43 972 941 3
337 330 514 445 2
38 537 509 957 3
472 268 685 311 3
103 416 235 950 3
497 35 955 965 2
384 158 737 836 4
57 57 78 849 2
220 226 611 261 2
305 528 379 875 3
816 175 857 523 4
244 442 594 608 2
759 577 824 598 2
173 34 398 177 5
240 913 635 953 1
93 463 523 693 1
53 409 180 758 1
51 353 799 554 4
788 278 969 815 3
690 628 927 773 4
2 458 236 831 4
387 45 511 795 2
7 80 277 502 4
354 205 658 413 2
658 347 758 607 5
22 337 798 998 1
69 523 284 644 4
769 340 966 524 3
94 502 721 951 2
612 435 964 928 2
193 386 993 739 5
281 11 479 778 5
159 702 777 755 4
616 294 717 345 5
513 736 822 901 3
898 258 931 328 1
77 642 190 900 3
632 230 932 568 5
475 85 997 270 5
68 240 588 706 4
312 247 973 631 3
4 296 299 317 4
275 391 394 770 2
220 80 808 676 3
804 552 944 699 4
40 421 855 536 3
619 27 696 584 4
370 540 465 975 2
718 261 865 386 4
397 7 914 947 4
106 268 966 471 2
805 607 841 979 3
219 309 261 546 4
220 307 316 451 1
280 56 635 191 4
438 695 661 901 3
726 567 753 729 1
82 269 744 583 3
385 215 754 767 3
447 289 821 559 1
257 367 348 531 4
90 159 999 355 3
138 246 452 698 1
177 19 854 844 1
283 388 429 591 4
460 233 834 429 2
352 470 813 794 2
350 675 974 694 1
186 46 333 639 4
59 297 270 540 1
642 493 681 882 2
205 20 625 611 4
752 157 814 994 5
687 809 942 848 5
65 317 337 773 2
50 678 599 772 3
535 73 861 334 3
116 111 895 305 3
404 890 625 902 1
6 568 758 948 4
238 170 983 732 2
286 10 974 531 5
174 547 351 789 3
216 89 378 515 3
198 610 199 658 3
167 34 281 784 5
410 357 651 955 1
273 448 442 891 2
698 42 748 360 2
65 60 202 184 3
153 62 952 969 5
100 45 201 615 3
297 403 786 925 3
201 209 608 501 1
758 587 895 956 3
166 67 296 556 4
243 365 396 545 1
219 42 940 789 3
412 85 705 587 5
749 570 1001 978 1
539 27 942 754 4
355 439 894 997 1
644 512 1001 754 5
367 123 787 559 1
97 268 486 416 1
216 800 975 989 5
415 255 621 823 4
173 955 846 999 2
66 460 795 919 3
515 56 909 889 1
234 569 803 964 5
255 427 593 935 4
89 170 572 954 3
128 325 302 634 5
648 338 722 742 2
367 383 603 513 1
60 123 253 808 5
64 578 260 893 3
513 63 528 208 4
65 234 652 496 4
342 223 682 920 2
456 90 976 781 1
482 138 543 917 1
833 106 928 322 3
724 678 883 974 5
11 99 734 892 5
285 350 664 457 4
315 627 598 820 2
131 508 692 923 1
201 274 814 972 4
707 151 957 437 4
76 44 108 722 1
290 93 632 776 1
224 412 777 470 1
379 517 854 797 5
393 640 638 644 3
101 82 922 591 1
193 194 888 741 2
318 649 394 736 2
178 301 628 540 4
29 220 86 602 4
488 362 881 572 1
208 634 312 949 3
340 117 536 685 3
314 242 931 486 3
647 98 881 781 2
76 280 343 699 5
384 104 769 635 4
647 116 922 476 5
752 744 906 936 1
580 444 819 550 1
394 212 550 238 5
28 930 974 980 3
586 677 919 966 4
454 472 880 862 5
135 454 450 840 3
868 293 980 543 4
67 801 591 993 4
244 640 445 917 2
359 246 737 967 1
483 186 580 799 2
277 747 336 774 4
611 810 738 871 2
691 177 773 586 3
333 563 439 828 2
240 53 892 701 4
309 204 676 411 3
566 59 949 938 2
166 26 862 858 1
151 177 153 246 2
163 34 276 128 5
446 411 643 570 4
306 28 792 351 5
120 704 959 972 5
797 919 975 972 5
403 815 662 945 1
244 583 571 673 1
129 686 239 927 4
11 43 657 534 5
476 54 810 513 1
230 27 714 487 4
546 321 843 721 5
236 138 288 959 3
662 138 683 841 4
133 90 633 406 3
143 243 733 553 3
228 459 825 606 4
677 258 868 333 2
404 112 538 309 3
439 344 809 752 1
91 32 417 907 1
435 157 859 671 2
632 135 806 519 2
233 456 300 547 4
707 268 810 270 4
254 765 538 886 1
120 745 762 969 2
313 289 946 922 5
385 405 557 912 5
52 798 907 877 4
471 528 672 549 2
622 499 879 543 3
5 163 370 848 4
702 630 913 848 1
727 367 951 423 5
196 392 988 628 1
238 253 843 586 3
239 155 753 472 1
66 349 136 350 1
200 49 595 204 1
97 388 881 818 4
81 257 793 298 2
223 69 842 896 4
52 638 611 764 3
763 164 939 994 3
620 299 675 934 2
343 213 907 849 1
207 67 799 116 1
