1000
100000000
463 504 985 870 683225
115 55 464 980 383946
729 38 866 618 587722
401 129 712 222 201215
74 367 176 577 90246
32 266 755 942 80645
166 295 616 436 864835
441 7 732 902 298666
193 198 305 386 301919
953 553 966 638 131146
535 585 537 932 242813
379 43 901 652 189031
54 142 455 891 851959
80 347 894 918 354366
220 142 350 856 188369
725 526 953 772 380325
58 226 97 789 344203
122 16 601 49 747053
524 167 595 236 583678
85 98 695 322 818937
208 89 535 954 119226
150 108 786 113 72607
171 423 508 712 911854
754 891 757 956 873864
94 428 504 858 863057
31 259 400 827 456409
301 311 384 648 239270
132 44 633 500 782011
781 803 842 976 410244
518 510 980 676 974245
118 505 935 799 35226
181 531 677 872 51115
244 475 694 713 311545
194 537 598 738 135984
640 389 768 721 527754
226 810 749 978 77923
322 74 699 89 393449
192 604 857 869 111
282 202 643 436 825865
124 445 364 968 396910
327 110 769 578 341746
303 72 591 318 671579
203 453 519 774 502388
155 420 941 993 927419
410 442 512 708 376438
214 827 223 948 456244
267 717 804 920 969281
392 472 988 886 723143
178 506 491 515 812580
70 563 452 852 300932
266 289 757 719 730742
89 125 550 638 176709
127 264 922 701 838282
94 681 304 728 91326
50 304 321 928 315808
69 151 112 255 720039
74 521 389 551 268440
20 203 859 248 320333
41 143 363 284 390962
96 366 241 951 254479
112 111 167 747 592290
579 187 782 612 502736
428 290 698 914 44857
211 811 255 906 91207
297 393 379 1001 757620
804 98 805 563 611216
138 521 145 728 229527
744 314 776 815 864052
852 114 958 474 462595
782 344 809 523 569942
85 328 240 466 630033
142 181 366 690 299453
11 467 870 541 959973
11 179 517 599 402098
307 609 350 635 313861
208 152 488 383 180846
573 38 774 690 896052
158 772 366 811 835624
251 882 755 1000 533458
103 282 276 331 127462
366 82 941 150 155477
375 28 647 619 805933
515 55 581 797 861183
586 170 766 215 948418
23 296 451 677 238820
766 34 981 85 892170
728 742 925 821 192404
93 313 258 485 746166
579 35 971 183 897787
299 170 515 391 427935
211 180 260 473 843149
684 146 995 540 707371
399 271 711 952 354984
396 563 446 750 922457
278 580 923 635 117403
542 358 880 496 81781
70 16 455 534 800453
141 657 382 929 312885
274 269 673 500 166070
239 273 427 736 783629
277 10 647 413 458621
57 229 734 726 387690
450 469 825 879 954059
223 180 838 857 249006
679 592 968 759 530759
344 582 387 880 66330
114 149 940 687 127380
60 849 826 998 30090
111 461 893 975 105207
612 395 891 808 206846
158 86 914 369 606246
406 778 870 852 404073
102 241 432 772 943859
98 85 860 214 170614
399 45 420 447 599718
524 184 975 369 284084
140 175 579 183 411919
14 170 873 379 197230
69 85 416 615 712759
480 774 862 778 357292
380 410 593 856 322040
253 421 923 738 421658
547 329 884 750 974672
10 750 889 898 89789
767 636 936 983 921893
146 110 969 514 523041
16 123 899 656 356592
371 307 587 957 818004
85 345 104 393 527311
432 440 607 957 39503
510 210 758 875 386984
368 758 630 869 568201
247 725 461 732 152137
736 436 828 855 816333
650 278 848 397 114342
738 86 831 336 199298
490 483 680 860 864058
73 801 237 956 61516
71 479 137 928 553663
298 522 849 959 512741
743 892 966 946 719860
120 236 484 701 720232
939 377 957 505 711255
59 127 785 303 837193
3 232 334 879 39970
378 175 413 184 88225
724 132 837 262 371273
239 146 862 369 985310
716 295 823 656 830192
523 630 578 671 282126
686 492 761 497 516309
506 183 758 239 126940
825 31 965 197 721967
410 388 652 731 437787
400 120 929 515 217863
256 408 322 426 962933
599 253 873 372 752778
551 121 617 191 88040
339 317 960 806 870821
428 460 915 936 379240
752 703 767 908 773240
249 287 690 307 204659
657 564 859 992 253544
610 164 710 834 734547
447 266 821 676 824219
88 695 462 709 549535
114 88 873 313 788830
246 466 916 946 850387
352 166 577 571 606514
307 211 895 693 355017
317 853 813 921 101460
242 595 757 878 110446
653 558 694 974 728866
357 409 590 586 205439
604 431 832 899 363215
491 308 792 706 211729
366 798 580 879 329581
93 127 136 789 370077
227 55 927 557 654584
163 415 235 791 509727
201 251 731 795 688732
687 579 931 725 158635
140 233 861 354 259675
589 551 976 931 605732
45 386 125 708 509586
457 803 941 984 620605
344 50 736 843 63011
258 811 657 928 117528
688 187 791 616 893938
544 70 957 98 305074
16 41 397 659 360524
148 76 273 935 991278
141 652 354 892 446687
136 299 850 670 396962
263 445 361 478 105658
696 501 781 812 661968
161 65 486 734 473423
195 238 747 417 576798
98 64 508 533 849208
463 855 632 944 229311
133 265 719 477 993940
441 331 737 900 16630
758 286 833 655 222634
368 185 893 536 281862
205 593 872 634 69625
50 24 481 190 210268
155 344 195 820 135603
223 452 891 630 761749
110 20 279 470 601944
199 352 403 971 551590
448 193 710 497 715345
865 371 979 951 576101
65 357 704 979 127911
525 681 871 953 152396
26 24 989 900 671846
581 234 724 539 739204
778 180 959 440 593253
272 347 311 384 339149
955 154 991 226 304157
335 83 951 846 670010
259 609 378 933 331955
424 252 602 931 393089
224 637 327 964 583785
72 368 356 630 194846
250 16 915 935 689494
214 171 947 778 172979
520 364 636 648 709187
11 618 836 637 564510
347 111 466 390 292649
368 110 610 143 166448
217 130 918 303 658456
356 317 604 408 236630
209 387 409 732 212578
247 815 979 964 864579
235 365 936 520 478470
149 158 717 558 366903
147 708 619 910 769808
193 154 250 759 187304
815 369 886 446 144668
9 337 888 776 469603
538 79 915 874 239912
217 423 873 932 182382
32 82 44 610 106885
98 156 208 317 127154
729 467 920 940 428844
419 206 461 1000 199049
852 109 872 588 161442
189 76 959 571 222333
11 214 264 400 359351
352 269 793 411 483930
625 530 839 564 102838
101 354 708 909 304705
471 290 842 338 955090
583 41 726 400 661519
465 114 733 966 277372
378 228 635 663 756436
531 570 866 736 32367
566 83 972 588 953744
280 649 669 764 7031
251 805 996 867 655286
862 561 977 817 509916
81 236 552 668 855563
198 380 289 419 829946
488 473 886 508 239519
183 618 801 812 851397
120 16 197 43 645046
8 317 919 372 263283
135 111 144 696 405532
234 80 979 972 253907
546 3 588 377 69447
695 220 765 251 654046
192 238 381 697 861358
103 39 496 641 872161
281 127 404 523 952975
251 198 626 712 650193
377 390 862 917 965051
284 497 455 501 22487
604 854 658 919 898891
398 622 715 855 633222
66 401 763 636 619614
946 9 956 76 434290
369 865 430 889 502507
22 45 277 722 788812
528 776 614 848 597474
3 448 115 919 688267
151 567 446 684 834889
288 80 314 912 603348
455 163 867 699 992522
234 161 342 314 973233
770 49 832 860 543701
9 695 40 777 728281
75 603 155 972 884885
221 434 723 570 393369
574 416 800 603 715762
261 472 930 624 687051
917 144 938 305 597812
179 353 821 721 493173
751 427 994 977 609005
256 163 943 414 617445
806 206 923 896 795895
522 142 763 399 538591
928 653 946 691 535448
288 249 338 550 276982
653 264 815 661 700643
578 780 956 939 734602
33 85 659 927 398902
136 567 192 818 707679
215 579 938 980 109080
96 829 682 872 845027
76 199 161 467 643112
499 270 815 999 666751
183 57 819 311 461539
123 122 988 123 150612
396 224 914 660 241155
317 298 821 352 164721
658 228 770 471 460527
85 205 906 318 243813
404 138 445 560 964747
315 37 994 647 380601
136 59 774 199 367332
363 538 923 640 98737
494 428 932 932 823451
34 234 539 560 552089
394 603 396 622 678532
132 175 360 491 754216
526 139 592 980 452794
317 99 727 275 582705
470 500 549 851 126276
546 264 850 736 999700
242 317 943 369 104652
50 462 132 600 922041
250 226 466 615 278848
346 850 593 927 273965
542 457 682 782 563943
663 450 996 560 383297
338 131 681 216 153406
247 567 692 758 76103
564 670 650 792 767329
727 263 784 353 737592
607 673 771 830 860963
581 46 993 887 989119
194 520 419 642 577309
184 231 264 260 865964
409 417 650 775 753296
936 284 988 933 558823
125 158 971 644 56224
24 484 313 948 212515
467 17 828 167 830101
632 85 646 623 900193
696 48 790 928 930816
460 407 988 559 667876
156 642 454 702 946451
85 152 395 827 116719
579 121 794 435 540461
121 358 956 388 919764
422 63 866 588 437269
609 53 761 504 569
374 64 582 922 845067
404 542 763 823 116440
864 312 989 715 867743
244 140 878 626 50848
433 434 979 648 345663
853 44 999 195 20010
380 162 629 516 191261
572 800 793 961 546847
34 232 967 723 862663
879 449 967 785 21905
426 61 622 888 21903
401 116 831 476 997865
67 414 836 429 461381
53 41 525 445 888016
25 444 419 895 973842
525 229 835 577 688492
195 799 610 859 687419
67 175 956 703 964303
862 396 975 591 425693
298 302 571 745 261151
355 47 550 829 421624
774 711 776 751 705831
127 103 197 359 749375
650 556 776 705 29943
68 606 105 612 43257
748 555 803 846 469093
290 259 700 530 26430
548 63 848 741 728526
221 422 939 528 127948
329 371 597 630 861441
393 389 731 656 612612
437 28 683 985 646209
149 106 901 298 967528
479 169 883 367 482816
145 345 816 834 998043
16 142 611 777 897632
74 193 714 780 17723
490 342 895 733 105958
806 713 993 988 267812
10 179 337 826 415803
102 225 564 461 473416
10 503 188 569 680235
36 374 618 893 814015
63 389 756 528 976734
418 366 454 684 239262
195 119 218 360 181439
117 315 223 921 732372
561 663 816 912 649088
283 496 356 998 568010
397 191 770 229 107255
62 444 660 635 452973
390 343 525 518 426216
825 451 955 673 60743
480 344 715 958 153457
905 436 993 989 600092
502 203 658 856 553471
273 654 298 664 886848
190 167 601 543 550962
471 413 721 574 847017
332 487 528 777 22388
272 603 372 833 320704
133 111 364 585 245726
13 713 70 782 424012
436 280 680 673 121823
687 244 702 645 270275
50 151 378 207 740170
86 248 249 288 993504
25 834 237 982 885427
313 461 509 937 417857
705 511 760 569 164273
707 918 734 959 425104
145 180 196 289 671738
782 67 800 462 794920
159 413 833 874 833491
9 801 140 806 958286
5 316 21 347 811417
327 384 854 508 752358
16 67 163 449 909334
35 872 52 873 801795
424 1 678 558 692568
724 341 725 801 815357
772 439 877 969 92508
537 762 737 840 163973
514 233 774 671 949149
471 10 653 489 794793
584 494 874 967 844719
674 4 960 603 685109
146 158 849 685 640683
146 845 370 866 741649
284 437 513 440 664707
142 48 300 162 424637
262 39 451 431 472868
11 49 223 921 259387
373 48 541 737 401570
530 341 603 612 339651
519 206 615 607 412346
475 466 500 968 622460
97 42 940 490 63406
31 844 255 855 110690
566 801 594 866 759034
505 616 529 936 896362
732 10 802 81 863852
557 89 798 813 711941
422 39 438 443 647937
109 589 291 844 326018
414 500 857 588 941778
203 506 530 695 170709
113 725 338 912 791500
451 524 585 994 528650
427 448 489 553 691607
462 490 717 510 876020
601 6 789 799 149806
262 649 983 673 618042
248 448 617 668 933304
592 46 835 787 735084
57 200 556 919 85733
162 201 424 434 470483
838 402 988 722 744558
771 517 884 691 314385
874 612 887 739 73872
396 221 509 345 251555
163 789 832 790 982235
797 634 884 997 49573
362 426 941 824 976498
23 235 388 716 400748
352 117 425 786 92995
146 320 854 774 133861
492 484 589 707 112805
286 49 571 160 697145
189 76 670 592 198360
67 314 166 592 461368
319 601 640 837 90874
316 107 579 782 854617
459 202 492 993 286196
582 493 733 576 324932
652 296 866 901 54583
129 153 641 680 422647
396 123 870 647 167309
196 423 234 607 835546
550 193 834 245 909103
888 254 941 607 530518
284 28 774 787 8993
236 102 310 608 352240
2 450 491 866 700588
451 90 854 165 927069
51 23 667 927 108167
56 141 743 379 163360
654 274 942 566 967615
774 361 883 369 411886
204 281 364 891 28881
149 70 571 651 402564
166 819 921 997 771951
191 715 652 937 158877
411 55 515 985 61831
368 682 924 826 841825
27 259 220 747 487792
320 75 952 317 987141
119 12 552 849 762511
681 63 910 100 461729
296 627 837 896 319481
111 265 870 361 797892
685 361 850 927 991108
151 100 244 739 521862
96 482 338 944 883118
39 392 300 574 689874
20 124 605 821 540865
93 683 714 771 735876
440 359 951 805 273342
54 187 578 853 69064
548 642 963 754 980043
859 572 869 623 708306
630 502 717 921 981558
454 456 941 577 77275
238 13 551 754 308172
117 183 292 895 96392
421 508 801 988 272153
202 154 489 735 336303
196 50 923 965 417387
419 101 671 709 199707
16 243 660 465 730786
77 394 570 808 592125
140 7 631 123 803424
379 275 585 953 1459
124 34 334 225 266097
141 550 898 730 810384
571 53 817 765 80640
186 56 808 974 518916
553 729 610 735 278741
404 417 556 930 520665
145 8 798 312 496473
535 398 550 645 128371
460 29 825 264 219804
676 528 787 899 291551
872 637 982 731 613093
235 780 751 852 378736
132 90 743 931 956386
21 404 540 651 941423
541 263 868 894 127765
128 443 322 945 12445
105 541 810 667 428456
76 42 877 766 16398
51 376 345 796 293334
535 179 652 585 643348
620 81 872 582 45552
817 567 846 965 920571
200 580 775 965 322491
750 194 867 739 350375
750 744 971 773 291256
474 528 805 806 596505
397 384 433 610 577112
743 1 976 963 647855
749 827 811 859 533181
59 193 691 766 722387
28 584 854 749 170562
334 29 922 375 565006
420 726 476 911 373531
32 199 995 554 291730
567 202 862 502 384501
145 253 155 817 909841
327 463 894 817 499407
764 100 958 386 996735
890 532 914 796 97522
570 292 856 761 866136
264 701 463 798 89769
58 536 275 744 835201
265 12 698 212 861269
320 52 439 305 234727
148 329 306 634 419302
314 253 646 785 190624
172 699 370 982 960345
187 414 914 727 643717
745 273 956 591 379017
344 575 974 678 443958
556 131 759 568 325428
653 704 669 978 704260
490 503 496 941 26316
223 620 396 624 63502
224 382 891 846 420074
432 506 901 956 474608
382 22 439 721 686574
40 217 203 274 230348
146 695 716 794 113378
67 454 181 723 189855
101 46 559 134 249883
899 258 974 858 132260
352 210 728 971 315069
263 627 584 958 807065
121 332 226 577 268306
267 281 866 375 510463
676 802 856 828 252797
518 514 793 755 764583
171 97 768 488 952443
130 326 582 534 555670
94 778 417 870 123231
89 566 606 956 965306
44 158 242 293 737416
672 66 967 509 654639
877 406 919 804 948943
221 827 794 960 571946
339 362 813 369 682129
187 388 673 544 354073
967 29 1001 30 299182
198 333 403 999 6017
322 402 708 935 317881
190 180 461 303 661273
54 240 526 933 596124
598 200 658 462 488609
22 359 207 440 241134
125 317 177 394 219494
205 25 440 897 88426
320 122 337 899 175053
78 416 215 779 932500
235 603 904 611 482073
400 278 483 426 552978
119 231 330 634 201731
313 423 949 874 350194
635 492 756 616 66855
53 97 519 343 650832
55 624 563 915 427856
121 201 803 331 509742
788 277 822 304 92013
383 134 429 253 442784
153 204 270 729 211755
154 60 680 449 899697
284 453 604 870 212130
140 101 672 217 201002
626 902 866 994 775367
815 144 920 671 986854
48 211 394 776 104772
42 417 220 421 43896
14 920 491 977 693905
74 813 436 870 92893
202 531 908 989 763995
159 129 731 132 931539
518 224 564 893 715450
370 413 671 883 524799
646 277 910 514 506758
732 41 928 268 69338
210 572 960 876 386204
263 131 797 573 262693
283 83 645 632 188854
500 155 581 737 456298
89 92 356 293 546266
5 200 362 306 707263
189 480 691 601 624893
521 587 897 625 842595
95 771 969 991 797889
859 67 888 363 175562
144 646 300 893 688705
195 358 242 573 762189
112 252 826 297 74410
149 508 564 981 224538
813 338 818 863 292440
54 330 225 927 563332
580 147 858 970 701744
29 116 722 223 515348
190 407 839 714 916368
214 178 243 626 905101
468 240 728 494 309594
279 571 828 695 131158
95 501 409 887 354971
251 91 455 391 257420
451 208 820 292 22618
463 252 737 801 186268
240 292 801 628 620090
413 220 595 792 791587
490 4 598 175 819548
340 349 884 722 241701
634 662 682 721 257690
20 89 409 322 374790
204 110 760 924 449364
192 632 437 728 88598
345 661 346 941 499124
175 678 427 688 102290
550 336 779 996 100032
295 55 391 918 155741
432 409 747 537 444992
44 85 170 701 617353
205 919 879 961 375387
44 267 407 689 662305
533 522 791 713 270144
345 173 998 761 221356
468 12 732 971 772604
605 163 736 269 938420
113 61 461 123 437859
81 87 134 601 826309
169 223 637 566 883366
736 21 847 728 770368
227 194 913 607 464638
110 398 460 414 212931
231 67 964 266 489252
854 242 972 641 493383
414 392 779 961 940332
350 140 950 451 814110
469 736 976 799 117253
207 515 372 762 394544
357 59 561 726 538855
564 12 654 1001 616474
524 327 991 829 372290
19 177 510 755 201625
106 53 746 999 867207
391 212 555 309 332161
609 249 676 622 416871
54 725 898 787 606774
277 944 554 955 825594
695 225 968 414 235183
102 142 335 991 167399
486 180 809 731 379550
307 571 989 886 105242
227 222 439 361 529992
185 599 260 710 877301
562 761 725 994 859059
389 383 943 528 969802
513 362 628 724 35455
482 225 711 316 917066
501 338 810 700 393537
151 258 598 544 391300
301 551 722 825 994340
580 309 942 852 369593
793 254 919 985 444003
341 149 920 318 45410
48 404 882 541 14080
720 380 999 623 399866
379 802 412 859 831883
390 640 958 828 764744
211 110 680 296 359639
23 378 247 802 773642
252 256 454 475 574836
788 611 980 796 597951
65 605 550 959 251066
219 52 941 321 480996
209 467 684 823 205531
435 910 734 968 881541
348 264 704 620 866970
393 333 905 811 422600
635 302 793 944 63443
11 561 502 899 403182
115 779 810 887 444657
160 764 442 801 473936
416 96 549 894 972596
230 356 863 957 531840
293 265 904 481 907550
218 90 332 244 216612
46 58 987 897 251312
640 316 671 972 44932
439 270 691 668 947683
205 14 483 391 334392
116 211 974 357 551558
549 654 595 981 708870
305 119 346 742 718144
20 214 743 278 675992
36 886 350 914 185592
263 334 381 555 149140
732 93 769 418 866393
834 504 956 640 363646
754 515 807 672 700364
52 115 227 536 672627
308 653 877 967 895921
701 82 856 582 149983
231 209 666 488 154045
922 75 969 822 77849
102 509 672 772 508755
821 511 880 676 777226
239 58 994 507 977238
219 498 916 706 700878
585 161 979 688 313056
541 319 565 765 117001
594 590 820 900 666830
575 296 677 602 255027
443 72 735 776 18181
233 101 982 629 290916
450 60 566 795 891429
247 294 467 984 978947
487 415 539 963 748688
67 362 365 692 760174
823 295 824 463 643376
588 685 614 801 516340
724 468 959 530 322815
275 393 846 452 392913
213 112 663 678 295373
43 285 524 801 15563
260 190 505 833 129565
646 85 982 768 617453
81 320 224 441 859776
225 338 501 645 605821
573 639 595 821 811075
43 514 614 930 808482
300 222 692 356 576501
19 313 115 319 357742
72 211 820 628 906928
277 82 536 568 587192
524 224 853 801 884299
296 320 304 985 123922
326 308 642 593 454151
270 719 565 882 901925
105 593 162 871 749060
166 118 390 667 909787
136 629 555 759 132175
535 444 770 910 35941
481 859 656 926 283857
386 458 659 546 233626
57 59 453 223 900985
6 452 80 510 684327
38 54 541 359 132878
416 802 686 896 699129
155 57 796 887 482867
548 61 624 427 436850
82 233 691 871 520863
485 328 492 343 760215
199 276 563 948 529475
178 21 294 462 916739
326 598 427 609 578278
645 192 932 685 919467
525 568 747 805 875247
463 10 617 19 286726
564 233 707 961 237329
526 59 996 154 249553
395 537 494 822 744926
478 373 692 809 244253
280 699 417 933 367293
99 20 614 627 995221
380 321 626 458 375788
203 299 406 622 214623
315 917 841 994 92800
179 176 860 542 373687
369 611 745 933 150915
151 275 543 622 201285
187 208 267 695 782591
526 13 648 643 608990
193 574 403 836 41316
326 512 803 517 483880
166 18 683 237 742136
899 64 909 473 869360
521 297 674 440 871938
275 585 547 814 203611
509 490 939 970 538015
491 310 858 756 317383
367 582 479 965 730071
286 549 427 945 288459
240 646 624 782 867084
53 44 415 999 840892
28 715 436 949 302378
552 310 881 856 174940
48 302 554 705 901063
816 416 892 897 655114
554 404 887 834 514799
80 202 941 511 890809
154 47 497 62 858692
857 492 861 802 631566
676 356 931 893 616449
178 231 271 511 451023
74 20 504 919 345070
146 32 620 708 507568
117 257 607 901 109480
400 156 663 938 463948
202 515 390 533 820748
436 608 876 700 85560
286 721 290 801 980574
110 730 627 827 739785
215 411 790 957 360943
426 337 620 975 597645
45 537 824 773 943474
489 92 936 795 601082
49 230 722 714 658323
509 311 828 468 803061
104 23 259 28 199654
197 425 874 612 286966
296 98 466 101 540606
840 105 999 792 295804
71 907 550 960 813015
263 149 328 266 511549
629 319 681 500 456068
197 395 820 991 369970
20 206 239 426 659260
370 824 538 893 340225
252 249 632 694 351913
291 740 573 741 707037
568 25 935 724 331218
125 539 676 744 771424
494 164 829 658 95201
158 235 401 909 338542
346 47 706 227 826552
104 169 137 953 288987
223 599 476 890 952827
416 330 595 472 513734
259 172 685 667 315711
88 184 578 310 790816
397 186 722 772 894956
284 74 781 430 95409
81 421 521 628 578670
223 768 296 842 927028
263 45 369 166 95173
87 383 321 708 325217
591 185 647 544 893838
291 452 574 638 331862
185 184 779 487 547542
772 720 792 885 514847
126 67 694 440 553366
504 245 815 656 36403
277 11 334 281 905070
25 573 466 786 190898
187 26 236 157 336927
113 141 744 174 319526
121 397 976 623 924074
852 880 976 930 197527
299 110 906 529 86437
515 141 893 759 396524
380 141 826 604 529766
141 669 392 865 53123
705 686 869 943 257560
186 47 720 948 405627
709 315 918 382 117713
696 562 906 638 53536
270 237 274 676 302956
507 438 596 772 738972
289 134 976 503 364210
430 487 864 558 718672
537 92 832 883 101042
215 669 452 808 938367
381 122 575 740 914878
174 183 788 375 448526
530 50 917 491 194398
641 220 692 530 20841
529 69 824 690 996523
145 601 548 645 634086
618 32 829 219 875248
853 270 928 485 469373
833 361 979 588 221503
230 758 436 843 349260
52 97 836 878 751805
373 149 719 660 367481
37 181 375 817 514315
222 123 944 751 152209
536 280 994 293 17032
373 256 618 659 609921
474 324 556 948 583411
314 555 936 857 790059
21 823 627 981 754483
216 616 348 656 744670
165 666 169 913 993254
404 577 483 683 734340
610 662 955 892 235223
576 529 691 814 692057
799 169 896 907 451968
174 74 564 329 855355
435 87 589 494 838298
239 644 361 686 31722
126 857 148 989 785628
96 163 847 390 403561
571 433 669 866 773299
106 50 114 650 295435
106 184 346 557 240921
309 796 508 966 717885
29 426 37 817 146774
469 78 834 132 179609
524 31 997 92 466447
509 6 582 262 849772
794 777 988 887 588640
211 606 830 690 725151
613 154 692 986 216560
645 528 899 716 776247
429 202 591 564 621991
536 302 701 381 918112
441 315 872 362 353035
609 191 768 597 492644
292 46 716 980 219064
575 552 600 561 222724
232 260 672 402 513721
204 758 541 866 177213
841 519 861 963 843614
160 162 519 760 142516
291 405 518 655 318663
37 239 586 531 314697
136 57 812 77 343927
821 212 883 460 890015
251 325 543 503 177615
660 117 811 654 325324
955 433 957 686 391265
206 449 315 749 574923
18 588 243 893 815132
509 141 579 648 571048
480 341 852 434 570946
375 121 581 618 482601
