1000
1
0 0 1000000000 1000000000 1
215327139 286258556 483853882 404602164 1
852691417 26252281 937297010 358279518 1
144720531 366459306 256880085 941441319 1
72160567 60362977 500846196 379098511 2
338919673 889290845 618027374 955141119 1
339968699 340919043 646424746 547406266 1
86054093 54629813 263828375 402746149 1
852961960 71296572 958206653 392326696 2
720006134 125635300 985777473 865721872 1
736941969 245463927 989113781 364389034 1
122209249 469526485 911493449 976464605 1
451514279 82004917 951718940 540745495 2
164387482 66168620 983997427 989418510 1
134114467 351484359 463087395 629094231 2
176452309 123938181 249364643 752019435 1
316617208 413828241 797899788 713916169 1
364690176 222438072 540625256 285350329 2
128257221 25541704 248975469 131505722 2
433311620 344328941 461061301 936270725 2
168928316 149887979 296698217 204808872 2
510202213 62348798 897170944 859369999 2
48171869 480037887 575216186 609241327 2
593762955 247568879 986887504 810455655 2
191510518 432267752 342618308 775223527 1
48109492 122363965 830001678 577409813 2
317214110 8629848 961415655 845936751 1
118264852 600905457 998642567 693484406 1
107416854 374973460 804111179 468784891 1
52224831 569389834 761455254 716380083 1
71016317 363310666 866338235 607572179 2
272850951 675229158 926523423 721325690 2
11353478 176597696 721685682 277834126 1
1125778 93293793 54900832 386576602 1
18122267 638436421 101293836 785730435 1
272316377 326675060 374033258 485311015 2
98311345 342341189 619656404 416960918 2
83817048 111320143 85360826 726300349 2
241752238 883782521 735910988 890630821 2
9723693 10329657 836742218 403520563 1
7649296 1465460 810081978 505677631 2
69483617 53494868 525222723 166020914 1
67862451 250380594 226162078 852968335 2
22594671 791496818 966289186 943989066 1
242626301 199480670 967394847 541773833 1
115559023 668261251 149177211 900947806 2
3202935 98176190 833797584 144620564 1
641654175 766310831 719684136 896352426 2
408679133 343350560 769342679 810463803 1
190223461 630025484 389424810 680092454 2
440299357 47489543 590953732 675624116 1
20943087 208969877 510291288 596123680 1
34449795 157243639 419675942 324586715 2
242959933 208680358 492334753 854159562 2
395825529 219980511 542805827 528306076 2
136122799 164272268 674711605 184289055 1
672191382 397031231 995329426 756557247 1
36999719 231486443 145257716 804993013 2
145369453 180984864 167993401 317073381 2
216364731 17756755 625126898 545198124 1
33090746 543877412 902944612 670627375 1
15790894 490975119 476252130 695557194 2
51390358 379617143 708141489 429304006 1
134977604 37888389 555559993 618837774 2
305161066 444065804 331929747 728209763 2
96809795 82598718 699396209 219579564 2
154580289 368682932 963699723 579561981 2
20940919 134012201 255881674 352681488 2
90683796 988577628 979137430 995143966 2
86157994 129799104 782571200 653410274 1
534367149 92215749 957618205 125040067 2
116601875 17030574 319365662 661117378 2
8501409 179976944 382111983 587750678 1
69210246 14518922 168545991 427934688 2
62855554 808123840 889349338 998808594 2
703997078 410054736 789918128 591461816 1
651943905 337743276 845831291 759627535 2
363668891 237570253 464120976 613616306 1
333005191 268839633 724400401 705723342 2
139910660 131335994 789297991 517825796 2
228821121 114389821 601179566 446347449 2
72369379 711398128 951836979 836391845 2
267653189 261885637 388145106 646943796 2
74292481 738707838 656928886 790340969 2
510471062 112708903 590633792 289952463 2
35447097 344879377 329309180 634013135 1
181759243 841712177 644410172 898829645 2
211124008 511196190 385272262 607694923 1
310333345 682217692 945005863 717464808 2
772579535 58098176 818152791 356149790 2
22250213 297158507 523336053 409003238 2
102547758 436934382 303882910 676774129 1
192365904 87408294 867537835 130842986 1
248364020 284513809 532460040 693341212 1
51582052 102548967 591016507 942128540 1
357798124 21889578 505808096 558841662 1
163870691 1609907 813463588 893646761 2
107505600 57576139 608599346 251362390 1
441911017 238782455 880000338 992989971 1
260406808 85532664 880907199 655014369 1
362310406 234837590 633410523 654205076 2
48141128 24351583 197295539 92577340 1
273957294 29404130 458021378 195284284 2
344727401 70015840 385006953 236609238 2
198896792 19323344 314512075 47172451 1
713158804 145336923 752673203 746763499 2
548501420 663536209 963464371 918968211 1
540357175 98021662 610518350 867675641 2
281545937 36072011 616546858 487424209 2
132461330 130009950 468840599 479425128 1
275019315 783460044 558798683 864802055 1
169009651 468043174 332365861 571806216 2
90881074 577320895 701148313 956908696 1
419325565 710908341 430453858 913051503 2
488129347 602386683 662669987 644261361 1
361268800 15643231 626033501 908434725 2
13834611 590056395 574253659 689720389 2
32577441 37460461 40914277 506694865 2
289850864 452261553 471266673 823538430 1
45780713 270701665 870035930 430276343 2
617609129 139087364 867451544 368148345 1
328636977 73715549 986634564 291373593 1
750219269 427433519 880058745 851741124 1
720786065 77277380 740914022 89120306 2
58857065 368197028 156870223 555386285 1
733392302 361264513 836383116 810544190 2
189108545 71501449 281477863 684947679 1
198119028 386418287 879821850 979829324 1
371197132 63181567 828653529 541389686 2
68304930 683181329 781002834 687559152 2
461359543 653856724 489117147 817467492 1
267618994 834653918 385306604 977876301 1
126512177 74326887 820153837 775475206 2
969499951 276511640 985079310 427229861 2
70300431 77212586 188589017 423321161 2
130136178 42933131 889758945 60374193 1
79294006 47476279 90215333 918625528 1
1740784 506995263 315246574 778559594 1
85291575 123891669 719841775 250823806 1
542865654 382296797 546568089 432497515 2
504150293 430970229 647276051 763900295 2
3352470 510371662 664385135 553466385 2
390796175 749727933 899567717 899299277 2
57636904 305755848 972452598 774294694 1
18285387 25316366 208852853 994599751 1
136387386 178822278 998510772 690723731 2
11980845 84573060 578223685 841954314 1
106556162 35519975 569739922 782265660 2
127893473 145685313 502237813 667448643 1
220004507 242330518 514893107 441887594 2
269437005 177710091 771213300 363618387 2
478090089 107737565 521903848 523785589 2
515929964 417350184 897435296 488916941 1
65732628 94461692 875451416 961667432 2
203226181 97119701 724560237 123408530 1
48891650 28703328 466789540 574019483 2
313382340 387069129 535862918 494625887 2
5999850 55214380 861123119 796942478 2
97275835 118393795 274638636 702176427 1
508991590 194270322 719136992 290437806 2
63530904 50504931 583898596 376414761 1
227251277 731655003 712821768 979266751 2
228040609 68783518 983218627 213184147 2
313981044 126339164 475080476 712069023 1
341766831 498353345 887426626 703839732 2
756325538 23044172 843001557 607593767 2
950907 387998737 148641355 691755218 1
150587999 499230422 971804152 989741605 2
346097987 128646365 790890866 371988511 2
398373968 43116670 761091375 764735670 2
479935208 115441302 837208051 435836591 1
676809617 65821599 895510151 66688258 2
363638648 729276153 795236998 757473298 2
103759810 720379269 694550876 742934680 1
471492836 958415801 966998100 973804783 2
230893550 41314159 571927479 124927915 1
508999425 325953167 857072851 650569521 1
80622567 547276275 192872402 846615669 2
397524801 149235954 426830763 170683168 1
952970662 644860102 961234745 745861413 2
22355652 69271778 850014469 131943832 2
882773467 328124248 910147805 602121325 2
373302364 293082054 474294664 804098763 1
406483194 80069689 581500456 410539029 1
70752819 22662458 576304665 594235263 1
485983243 189273296 590255028 833034138 1
222125731 684608489 459317002 940565625 2
138727683 221906118 544497227 730052900 1
759961670 236033913 796735943 973433534 2
527416522 269969017 883789448 497844816 2
165689541 605292268 725811900 806466918 2
60627374 814617058 549856415 850004718 1
82422614 14434498 417644166 735895146 2
47193224 193540342 542269629 798035314 1
1796983 138224448 260618307 723096186 1
55173818 655741678 828788106 740890462 1
98469192 165216567 130082917 409284947 1
700461875 18087700 845292404 950358850 2
6026125 142330044 637245329 681280108 1
45202535 95768670 817589178 620924333 2
113993946 32750123 361591242 340820492 1
159658128 952471454 342233218 960060771 2
227865495 269802217 423328562 565010442 1
65103940 515131077 470759321 571233574 1
321890643 297708686 745966671 452291505 2
68947169 195582256 99069252 301366843 2
123771722 467144551 478357817 728522791 2
268089197 354425767 861696031 688456228 2
715046701 296342577 723852634 471398289 2
103864261 166353775 238958041 328403579 2
623352010 44980581 660355086 185421284 2
535863345 387846686 625915557 501802476 2
338788333 713692805 769364714 829343112 2
400273723 127174989 519165226 176874199 2
50601330 53012292 350023560 681242365 2
79200466 475349501 559879661 771588113 1
592283067 707781802 899976830 976234567 2
683124560 587042900 860216218 619881636 2
111181367 47107733 973182756 314445473 1
462849898 393696673 886594261 932449446 1
64154989 686775825 182453766 802083292 2
316072003 17791594 600083359 140590322 2
588002676 710917715 843996396 988698878 1
492321625 594295812 612149430 988038063 1
34419607 610212384 250618395 927916192 2
743827739 10483379 893470378 350966415 1
182112638 602893085 996216243 623867282 1
100231448 621667865 247976436 755745866 1
139480598 345734902 468727711 936604775 1
333359052 59434359 722177487 128218780 2
295247893 207024050 433686770 544096274 1
647712767 306846904 659159819 423921639 2
416407200 54071666 982881744 642237262 1
106878960 18335021 859515004 539157438 1
304722583 516932965 554603141 928941385 2
288148629 338366812 509360990 753320566 2
81616284 275813334 932728352 527767543 2
216970927 745501076 638990792 996116062 1
693756124 63435082 854318949 462895195 1
71776484 543504149 706885825 609023814 1
200596964 676826737 209551535 852446244 2
622891151 741774311 738599987 987480427 2
83372447 81362078 298340386 980018597 2
556781696 15075497 571346551 36693270 1
133332309 529163859 927179180 959118822 2
603059334 318956182 679145687 642879538 1
799667352 755575534 880227134 849500716 1
828743820 118431492 908212115 800232508 2
85294231 89774197 943435238 607038185 1
374029552 630028889 801140906 845719031 1
281584000 321308591 459583572 515394924 1
411538352 650618128 916172332 827721917 1
675761983 25990478 754689381 283617877 2
186622329 235342076 522372137 595340817 2
274851527 192272786 713292407 844745473 1
195366396 60843970 441391645 813499888 2
57122636 477295684 698006038 927931622 2
92600044 488694329 832343499 989269397 1
15980279 145076472 111472481 350738300 1
209330644 316135592 229686694 434898500 1
690973259 743467877 932621522 879759380 1
513767898 12783938 697255229 743350703 2
154677557 3466206 334470370 478787584 1
48742632 755972579 310789327 819125095 1
353365790 19527152 733034802 795212954 1
314473110 266681315 719459399 392287697 1
121729427 147542577 820247519 995500318 1
33077620 323268730 223306097 451624163 1
255580421 176657226 853743643 365820325 1
184295277 572280143 526087067 755143564 2
16255830 481294835 698860436 952260987 1
232303240 195267628 507994374 613930186 2
555072464 226918458 898222832 414077593 1
333619500 640942382 423793463 856112762 2
111146322 269752720 662148928 311434927 2
155686716 222521850 596075073 784532344 1
141604233 116437117 858348918 622591120 1
527888704 102589408 812575184 970485565 2
58154954 891226456 937586746 932905176 2
78587996 609729463 162899887 711979830 1
394951791 82781654 889322362 147733592 1
148801723 203980376 824149076 239576546 2
756158207 90228942 940347375 879151930 1
285707780 118986137 981747835 910202347 2
150180047 782747898 763561214 958516066 2
96840585 449283412 476424605 954574509 1
232500981 22582503 874157091 371216967 1
739938512 320686406 940382421 861749986 2
60095422 144933781 655584763 821985824 2
160187606 121579283 681104882 241896457 2
564352165 176500642 800266175 424546935 1
420179858 384370662 615889544 829620648 2
234946487 316158755 805635801 436496266 2
130312727 44949044 495753795 525661328 2
95096673 440060 571191208 758713960 1
254270872 38071368 832176744 981010337 1
67419747 45300792 873524903 134817022 2
650097667 587671912 823806004 673415597 1
90611485 134301250 701814079 409019622 2
47482700 14640783 101720631 763796180 1
99942397 497788211 560442737 985628388 2
230094171 722150590 400371865 983652198 2
634680256 224282249 977490403 519771137 1
33043738 315306833 207019789 458068777 2
20622270 646603301 164822920 717890389 2
349559218 673985574 492282872 691204653 1
446679336 562947977 758171205 884237080 1
680870146 591655799 805042001 986913285 2
403883869 27844955 613544651 775943303 1
266373716 232619396 449932765 730043462 2
439596259 949461391 497873075 950562527 2
43088438 71362389 347507851 556398757 2
480053842 168843909 933664070 428999055 2
457434304 829686140 529298148 899869647 2
51207637 298791191 829242911 709714726 1
526999174 835344060 535291507 845535768 2
850743508 292995808 993521064 423150416 1
97306207 190348875 966379705 317858252 2
189017554 470020461 292500750 482694743 2
28976961 3000007 116818264 329974237 1
317121358 281129567 874193566 951718892 1
145643964 499723947 629831768 635611907 2
157526000 384674519 628236377 485123828 1
542794938 243973704 919744199 553444681 2
61568115 481169530 143457138 607449625 1
47397932 127033984 216654896 486584050 1
391130310 72655281 773628331 150855111 2
220818129 438535281 298574457 619082600 2
53873433 27465538 182452945 360156237 1
2737269 346613813 152237407 794054450 1
289112206 146331660 365826531 200808350 1
513819624 527654559 632474217 743091048 1
40391468 254553418 584164444 549554803 2
619795561 434801789 937301563 608288970 2
561627905 89553963 736994399 772166676 1
763733642 561546169 863300658 887618452 2
66436973 62175610 73674617 298690440 1
74022987 88201300 360908493 711294090 2
400223165 631934945 623969393 683918428 1
323255002 728198523 929082038 960658544 1
390328321 137704074 852071499 833016302 2
25866719 747346804 567949020 950232733 1
693329651 130130811 910787207 338154313 2
193796323 195086741 410991111 220177018 1
80564248 72324408 591977395 128601719 2
662244534 83607376 743402900 105660632 1
566297938 205956949 725252761 914899041 2
796181678 111337803 843181766 454840883 2
145635346 354881221 235590957 410347810 2
572706150 243535774 794901015 405574312 2
525944622 12586473 710746930 508554096 2
636297416 575087231 733984895 731040475 1
480135077 534160553 947748389 713942702 2
54120695 220921377 819336155 917595715 2
351216816 261459488 598056248 307875369 1
140914932 254544854 440636531 475778062 1
698626118 161562009 953338649 387166670 2
607775173 419919918 746360381 445090672 1
527791365 127504377 760522708 282469606 2
283367603 233553154 875219402 342486043 1
741397241 242046495 933269627 963292787 2
815629328 5065092 869104621 893980089 1
640243910 686307093 900983452 921665961 1
307847223 700154532 434300604 786313854 1
21369103 433208718 884088331 520728266 2
434732742 400466978 941712082 813810894 1
786781409 23821416 934563564 514409184 1
284226406 700854918 386380581 989557908 1
270112798 54766370 303327987 798344807 1
271955698 10948690 281357170 707194048 1
404967163 459125408 717533160 700409776 1
185376913 413182276 872727644 778471834 1
614693146 310014282 685649270 751345945 2
541566754 100265887 887215668 869717070 2
750253000 195213768 806724221 271174395 1
121334792 606960116 250611615 750358458 1
427609886 359054333 629053472 439692917 2
261102612 42492256 995454917 358674821 1
96546869 106052375 596813578 542668888 1
193475009 444217899 317054714 624628569 2
70423173 131757692 117673625 701155067 2
116036067 96005171 591668678 119164113 2
575380867 307352422 973968713 371785150 1
38931021 478624452 941975503 532816431 1
93877962 985511262 955243665 992400753 1
773242271 64919912 867655495 104795632 2
92655624 130407071 111300934 762515164 1
42989548 763806422 518294975 789955787 1
295766621 672423182 993408914 685729013 2
120548646 604629808 428714957 983997395 2
224989754 2406212 600733626 477071690 1
207860892 594796469 625182323 709585015 1
107675678 169384304 426148246 208586355 2
347099314 132568339 968622970 365707462 1
203306217 321089936 500448914 498919139 2
101021404 354639091 814479842 694917094 1
637261496 435084709 708992019 745994261 2
311890533 84072643 550645138 978778021 2
233327882 236556546 813621219 503430477 2
227513180 86103177 318091724 873786463 2
708595565 214333272 969209679 843595652 2
42379318 22611202 334012726 452093662 2
377620593 77905846 511177902 648108244 1
148311791 240735749 186525689 758597243 1
78389415 876400872 243157330 876843648 2
39543747 832287484 800556989 976248862 1
554662761 137979339 906465342 506989754 1
29474429 100984325 731452339 323049338 1
127000161 645529360 891060214 685939388 1
102883955 446279044 728082717 524387207 2
32852466 160859600 452837682 834072746 1
649620571 213397891 954431086 366058643 1
860466031 697687313 955670369 921679064 1
482014377 376124615 795363173 700296333 1
784035871 124204483 943619476 245783231 2
855579370 490967738 938199317 964949857 1
561879401 48083238 619016682 814475326 2
133216791 686988298 378133999 735136480 1
161254562 81044214 925598050 154870676 2
113300267 5566543 116312765 451501163 1
298705425 318289868 926271501 529138782 1
51079703 86517792 200924069 296088100 1
370040520 148583484 433044427 951356507 2
111259405 64537261 991482471 520256217 2
40442828 428693705 418925454 910756322 1
341159444 85421012 593675159 689356545 2
70570258 101843379 820836509 157237013 2
458460078 313067236 621843458 960184089 2
357202878 84955758 360773414 965412195 2
118207696 87351775 975481671 823261877 2
109407306 562573304 895598967 618939740 2
29404837 33260062 369150981 871830612 1
283791718 126207633 605311435 632230784 1
142906748 311638125 882862865 946979484 1
144043898 94305170 732482006 731706711 1
151983968 36477086 435752737 776997683 2
492916845 105522784 759166174 608970629 2
540747506 133635727 559027882 192522432 2
592757141 85608932 808255213 511280809 1
887798943 213238423 904578449 313434223 1
399564721 27239135 639705920 95880256 2
118929366 124552968 358155930 130036163 2
275106496 182569475 838501602 701711778 1
20886767 641609823 720039982 797037086 1
81646313 780510737 213824076 794082479 1
73161545 56706669 449334427 265423924 2
463915689 310841345 630239104 832252502 2
630734719 249893573 929564672 572119219 1
416053614 3219085 642013183 406319060 2
28694193 51574886 646978122 226948016 1
410783869 2876391 862460286 32028017 2
133538898 60826149 895848850 523756027 2
400923752 107366184 903234919 669282418 2
141185502 521276142 500781198 641165387 1
473081996 104628771 876147552 909517564 1
171640561 485349384 551139005 896270718 1
269537532 867267379 984305242 944648031 1
67652872 42288170 534813819 461460758 1
162231168 90250919 624168525 462475726 2
427523160 314918025 453357941 694445837 1
542608922 241469597 633701011 412570085 2
796086545 127190641 951338309 796419583 1
424186787 5088984 573714148 809087909 2
228504308 103136121 266217147 771126914 1
809971135 286010806 915197650 449006929 2
308898590 190610524 955161920 966111309 1
861731198 279507996 937131361 514695807 2
348983752 321102410 512785149 592063101 2
354819062 345068167 979993554 674865894 1
836284084 113907969 843577555 939108752 1
2381309 806445034 152373414 932440452 2
524007421 162271594 663141074 764881367 1
152937305 669727777 905568296 672338255 2
750625004 80994682 920455016 408239503 2
270041112 466859603 963496970 948006467 2
492893998 17976484 921546325 777005305 2
136727024 163573272 396897538 572696778 2
694032823 514281117 694281725 625952497 1
174457589 126241516 537540458 793503362 2
438839152 110767059 586617243 178562918 1
314760497 135347072 942070852 927433712 2
575826282 143986769 933603167 198397719 2
146780511 76189624 938383002 274316553 1
47775682 257290823 639787882 954470236 1
249524231 511166405 793346687 844782765 1
333409991 836866908 351701746 969227056 2
46440746 266409821 639776108 993037355 2
190486908 584134971 895528622 762811919 2
441477110 349770579 931362608 403032867 1
344426010 222170852 594809637 299504598 1
79742782 119924 661057600 462160462 2
175814648 126757503 695549060 132539376 2
273458564 110982881 672429609 196059146 1
188083176 138847257 217213874 810989227 2
59559903 88888797 98371446 913951572 2
132221795 192107883 846142897 486942639 1
338985470 54661993 728582275 123519309 1
625760810 7784214 808178073 934497505 2
55990891 234046229 506394598 289294103 2
568704827 3112711 921432005 565293171 1
138732317 92785140 503024120 830733441 1
342145064 263862561 496756481 717223471 2
47967220 317189232 108517081 425942642 2
380504344 185864327 865243776 723187421 2
263534125 66214499 373880549 899737339 2
326959756 259910080 342272602 949433259 2
46351559 641555092 894018236 968881233 1
85359563 640112186 552018176 912077724 1
101074884 691984574 206281645 936984451 2
166518337 502481112 294332573 985693948 1
450531008 47295328 823624569 771521200 2
78576636 521052310 509869489 709728671 1
89748358 339513762 382909206 660111290 1
356713307 98191954 585138682 653675165 1
244188784 32621849 257956766 502861448 1
12383684 681857987 581723534 974130069 2
247469050 329477690 318677057 974059960 1
128896067 338176825 496151006 923935120 1
20896123 599795117 468275595 927825750 2
172744806 71530537 208867002 84918348 2
116546610 29811492 153529166 293771400 1
94883472 273631023 947093912 451565998 1
27127092 301686383 547793842 451480658 2
592780600 532466065 613981758 686888961 2
70219502 3626488 259332017 348873149 2
84838971 455660184 582370033 752422568 2
97094274 831425787 324418363 923358238 1
277222281 28341356 930842927 258688888 1
321435923 452168849 450196989 875888936 1
262805205 13780274 362867845 386197135 1
704221514 381559161 982598371 861585759 1
44757630 60701277 151613408 250926107 2
4374079 261807484 526824353 500684949 1
323915522 202194848 971275386 970111688 1
359123209 220525 478953156 996967130 2
513661948 66444230 776728272 232082290 2
2759078 67645936 344887406 464252583 2
104752926 231810705 666520139 722251999 2
174188760 363257037 757991017 682011909 2
240307867 41936215 858906053 230559241 1
808546745 761603578 999802717 772193684 2
62665769 395082870 138342760 549444459 2
120736378 29421648 134746487 430232594 1
90525014 35471415 974218403 66353070 1
199094724 332477632 319788842 405487436 1
194110575 81368193 686649076 181752810 1
445402927 621212466 630737640 906467487 2
873683412 569320759 902623539 651394138 2
539685872 676992616 639513884 947173732 2
209141380 30595427 455082666 401422100 2
367550697 261578900 424507336 547099396 2
159104295 448728744 968898984 709707466 2
375366336 71258855 964878937 622521106 2
364885886 571257010 677489956 615377292 2
502905353 35527668 980290182 627611858 1
20983040 27709781 156595597 474618366 2
36010284 313813046 547351745 781921574 2
49151692 104261928 131034783 569350023 2
230815304 733360875 505211562 750326424 2
304802625 39384589 594207078 862198858 1
855533496 190602914 909964667 193945539 1
266294542 49425624 413269758 862691502 1
595340868 219817590 914370192 560635681 2
93994377 226363691 237045014 801504011 1
424379082 391863482 983573987 539018065 2
169995584 461893803 551113160 755508356 1
154871316 172011042 476577226 866900912 2
238685293 253320122 389292736 877245434 1
234144663 98969864 966051636 872288315 1
446292816 68525290 549185474 475958120 1
149006965 394111547 476831366 843264598 1
91318988 277020587 214304404 494890551 2
495745226 192898708 917550603 546441601 1
887797208 372425893 993854183 491278694 1
763709056 148329267 888943142 216633993 1
841819768 588828850 899813690 842557534 2
424954133 408703378 588803080 466481988 2
672050587 109238517 884336918 183211068 1
106055427 62117773 336341563 715673631 2
692758349 597381986 747265352 680704449 2
312201462 429651469 554433344 660400791 2
29296750 409700665 799482951 897756757 1
93419004 636878338 233875110 868628234 1
85860831 101442672 430946549 249286291 2
431678362 18453761 707694537 103141205 2
763821510 460296718 805138441 683855383 1
366920790 412150186 768970991 538841285 1
131164496 601952767 224677146 872524590 2
154455423 417543717 828160063 837641212 1
669515049 154900917 917420569 872585103 1
135666386 193132830 199290453 310294967 1
72880623 631930549 195597560 758194203 2
264346075 513795461 328551634 786839395 1
96653995 490582671 848268075 759035411 2
672524958 757040769 676152379 920518139 1
66716942 118159038 926913850 794684806 2
397605060 372112535 622978875 423156193 2
432637569 601210818 738321458 752972020 1
823247897 43679133 960554100 883245837 1
404672823 3268213 434301196 48404690 2
811025018 598111349 857474141 818753211 2
428317328 157125530 673421431 748149705 1
118473667 55554462 761342366 966555114 1
11107998 294428006 354600379 654023676 1
540405923 142256008 760526682 686983276 1
193386615 106063587 631126668 717155121 2
200303377 50099001 674342584 391965583 2
59936935 489045465 592385509 776210065 2
245893710 770025720 365817710 845549188 1
117200496 132205935 355011885 975163023 2
475685220 250285979 791778037 552853338 1
38754760 102196596 778738212 133279198 1
615686540 267449727 672626303 269335291 1
62767718 315544327 443624172 721214999 1
99960292 138906007 278518554 694453458 2
97789668 164450438 107040971 593770251 1
342003088 25155576 882954213 492435699 2
501684933 425770049 701580621 797854003 1
469422848 81866476 586159896 527865837 2
20690160 365040400 685652544 433142269 2
340888474 17344361 593264172 973679162 2
55540021 453213342 825121664 517881362 2
45562360 44749686 987377754 262389381 2
288646467 23762182 488166735 115595490 2
460930991 712618388 600448521 893634202 1
386452991 124854402 448020148 796944248 2
47639679 524968777 872547023 816151462 1
372811767 110609572 790470903 283064602 1
270254906 39270315 531683154 112292689 1
169382122 241126130 175399726 389475372 1
443503662 321175623 881282972 843287076 2
425394335 629510676 681469603 722306748 2
291992513 232566265 392660786 518015790 1
68627338 118598324 427096803 806925290 2
362185086 69063381 545565404 710039178 2
241115486 126314507 254059106 566882884 2
805486840 873387771 977523146 981598466 2
5248515 885783418 998936155 957940657 2
134547780 44241363 535229273 936860868 1
111909214 455463505 343393820 924351829 2
420727421 600702241 511060143 649582016 1
10331361 179219189 551794706 840475760 1
270390931 346361967 291739070 384963459 1
677753115 50026995 712418984 536318695 2
296806827 836262700 854341164 975296248 2
470319884 252507766 574308236 926452621 1
565398177 825001443 644810662 923292050 1
451692897 247810928 987458557 462326677 1
16765877 49710944 774430409 100966435 1
81903038 7325133 706925646 419780311 1
23930015 50810433 628129072 728683031 2
729902740 48742709 803625891 808672632 1
586547030 145976673 796596815 782592885 1
542552091 457411469 870570063 657940408 2
303865935 70527929 826257322 358640173 1
431318963 420485709 527607465 538668986 1
71555284 38799062 778598343 77468207 1
430163515 121219380 958112621 166419134 1
6238141 203711047 475612189 472904967 1
82897116 327920288 913225408 513790341 2
476728192 109219181 917542592 851253216 1
677683464 489875469 773116318 720182600 1
872653343 388310643 907144329 518893631 1
208343321 20830014 506455891 526450169 1
92971925 257284737 829833766 797022423 2
53102876 87302004 139424289 985340309 2
55850956 608363033 365352004 822637716 1
571765416 624669860 915672012 819493227 2
282847590 40835970 333698765 83629251 1
170720298 50874672 222072568 840050469 1
35409693 264483792 84251664 863713995 2
360997803 441750824 448109867 950363219 2
349353557 157920179 667639340 412314999 1
486870469 919260607 836472208 953425172 1
459411043 117671929 804716512 811386957 1
466701363 32507674 881254151 43785692 1
47645813 61806898 588782440 357752723 1
123933879 648641427 993917800 690545342 2
121743236 172625824 607978361 358099479 2
447788448 197729641 877852956 654955180 1
362354523 4808667 832395299 621823748 2
277073205 504221727 634099964 817788317 2
139602395 38288818 861043990 821509637 1
572906457 315128230 665471302 481322332 1
311794948 136573204 725831541 270570934 2
67729250 54528308 724468337 952150419 2
68695008 715199831 775254686 796771334 1
133036541 642022 639019482 227693905 2
51976253 332018421 676210765 383846009 1
266132284 469839066 287795437 844719809 2
311471168 64073854 810784068 478256030 2
102503321 284409731 378245760 624876394 2
183178515 193654503 217434274 337218647 2
840493050 92276083 910981002 812239963 1
392300218 439899180 556490641 614950830 2
819529616 602686525 854280084 667122833 2
591468101 470777125 945502278 895550123 1
62582063 697212651 287118169 992290153 1
260145194 131037105 608375877 803704566 2
642241782 688875683 719416245 697798830 2
740010476 71248932 770899062 731675877 1
112969070 58654607 787597303 295598736 1
674646274 859249537 726909124 920157864 1
89254978 164812833 548358180 403585176 1
120077441 299901286 296777487 482178868 1
735188294 227224438 995574869 836219260 1
13489401 230562865 802551445 930327887 2
387196459 103195485 799610631 528414581 1
449626096 18308518 752702039 984471836 2
77116706 692164161 815549046 960817179 2
457675133 129904773 774069903 652515356 1
401933899 112465610 423881104 966441023 2
507951083 741195193 869088921 886338350 2
91489605 308232219 498218242 653473946 2
784251389 451448216 998335648 737485119 1
422236682 38923263 786742870 730584705 2
33049385 410215962 870145042 957063403 1
25456158 492384947 259295531 528648332 2
292832384 748825804 944936729 910017932 1
227320531 202739698 537023337 670435197 2
196545392 508537452 664665190 610895215 2
57643822 97570135 124214861 911037906 1
457388342 481874574 498110959 652610485 1
68725777 107358185 844914396 313905916 2
40503219 132752473 521278441 186456706 1
202940551 331065769 743591267 410787799 1
182484972 211255066 273466273 532628925 2
555865071 674985676 747721563 870367041 2
541511141 778545060 900927754 935029380 1
40157105 320074178 65822227 610581771 1
87355705 101497966 774282038 754778686 2
79911386 739410956 783178063 893368321 2
770021001 616153737 941656641 799485563 2
468074718 349163647 856053824 492165043 2
645904125 180776484 768472923 550742381 2
342035239 565517433 667751235 938446002 2
347212505 50984886 700399588 887485830 1
137928909 474808767 183353158 770471640 1
352853388 204525942 869655516 319534508 2
368816893 67698602 437049483 96571234 1
295406946 69816397 421166828 237756262 2
39977 634266013 836904812 671876633 1
168276967 142488109 939355521 241447282 1
608184830 187815563 635486643 887744930 1
391534674 117446839 440266146 633354704 2
183152529 900471946 594918875 910650272 1
789447139 84077200 997750016 277698068 1
138377102 116387341 707686550 126630452 2
308715585 55324521 762815035 947899234 1
570342439 345378667 672247508 525838905 1
155008386 328262885 228802246 483603585 1
109585516 833159397 112038368 848772250 2
97689400 451372461 581454274 626729809 2
256748942 80337418 519798348 884804565 1
10887803 419177233 617484392 455178220 2
296794540 572994497 414530253 768788639 1
335838588 473814262 390434722 645102778 1
337869843 631671827 496712461 770374716 2
101659870 347918918 702712707 479874889 2
150430952 426190155 208631761 704740939 2
398477177 59108169 765739343 351885686 2
492466833 488069887 750526109 566350064 2
235801898 15154164 292275889 778744312 1
518056536 77478807 766404786 358306790 2
94312131 261037425 94377993 806487182 1
49896335 527570332 62058300 922769622 1
873169643 606413143 958607751 691129841 2
62685540 62684399 448116550 727374067 1
705653912 65670213 705835209 520583443 2
573166482 390401111 673620553 799825866 2
69526184 88449098 298284940 841133060 2
836787151 11225848 841733240 181276823 1
445608135 60431049 697854091 425494363 2
115771762 550762219 387453335 948798331 2
479422228 290725646 700618591 643805630 2
447209090 570929444 929387726 843389709 1
574171740 105903141 797614264 702989052 1
283698738 239546876 781662226 710976420 2
435293723 322478196 792016787 652283972 2
131609016 44558696 573677709 392658712 1
290726895 514605918 730330714 799250786 2
220626057 436439090 777968519 505348470 2
275950455 482086505 765067983 512978885 1
86358654 770372790 435172976 878419246 2
116229469 112341560 475718509 844540677 2
510962340 104410866 992393085 792560186 1
655044799 129740848 695702033 408589295 2
279060601 128669814 765811756 860214538 2
191372940 621966214 884457376 986292477 1
56860167 18587048 499301631 543886581 1
108433051 368138694 199621629 464240567 1
58012828 690967863 477205624 857003037 2
117113603 26283546 951900304 982706018 2
313242175 178799621 548586572 740197611 1
466649771 165400931 842586677 640090599 1
283677599 44622032 603870968 148688631 2
315929975 255497634 689944352 276008843 2
707976359 93833739 995741888 544756265 1
671239773 791547537 751029509 795250314 1
82230933 104675752 412704789 661796227 2
652563757 119871672 775973587 233057248 2
541966939 5691778 997216942 262746199 2
583962769 134485528 626040572 661974987 1
415027430 132109132 997599440 248939144 1
343511112 513393622 596743562 955199442 1
348308375 236516728 821212229 771415482 1
87300451 523316912 275825135 527332250 1
226941607 69610355 395910302 953085886 1
583528936 20351758 917914881 960478343 2
395897144 522368296 711808222 731939380 2
258593466 820948374 889868422 942434040 1
63496574 473520622 679676751 861618858 1
443588007 113389844 925096413 313792205 2
634556987 388468085 967933593 871254720 2
735763225 554661727 766112641 890676715 1
397042885 622910281 630678242 868060160 2
211468587 67089118 950992441 756638106 1
125967296 126380509 778844483 860934770 1
104908780 117774467 635166541 895823929 2
626466610 704971608 790518351 908068108 2
187206366 106829085 973081282 489117862 1
829571595 114234437 837955555 938939419 2
124637709 653962811 678446163 782397916 2
673195496 286204771 991340772 452832069 2
235080263 271357016 932133729 771536601 2
236658768 384182726 623216193 909787910 1
82246371 128267308 862530808 833651384 1
371977170 495382967 594886408 719465664 2
356009921 362280283 521555714 551616723 2
105232157 50799795 679637023 193910362 1
113087155 718760453 404397774 720623442 1
102211998 683111365 605117887 881241457 1
466019814 42544998 929671333 522136483 1
538871492 144415744 754509155 874609839 2
242905441 439729192 246070105 938312519 1
356748325 94739045 993730082 641148649 2
62065428 73411168 121157966 604062794 1
175227489 133154790 415330221 848310780 1
504170632 61561392 982532149 418319541 1
222352699 460249507 444865457 463143785 1
28400301 582472467 384273036 786568101 2
459295794 244410218 800317398 328165633 2
401422674 110241623 700037240 255969346 1
17381178 713375090 830963679 860661233 2
134973204 751891590 284621267 976531178 2
45785690 513924782 160737729 777561956 1
118447955 464917652 514118620 623412879 1
256788826 57338250 744724939 555134952 2
825809931 386861417 918920466 993678335 2
40439495 854738591 101470165 893021400 1
812288642 374640693 957052826 534313746 1
358846567 793149371 411869650 953396463 1
153866786 406685338 218911953 468744508 2
91524942 99899259 822100899 933003274 2
529268757 512226943 848456635 542716219 2
110322435 349268001 943782852 637155400 2
406276821 23219091 594078343 443999927 2
34362188 814886255 158359442 999659513 2
932102643 86570212 943669502 748894615 2
90622401 218173691 167268060 317766462 2
375671629 104125001 504797043 208990983 1
791623840 160668908 998818730 266709705 2
661391755 410378497 986130552 428847991 2
225580685 304125881 706407672 818914418 2
660357005 217673917 784764670 842715656 1
442664992 780145914 550065282 823072818 1
214007555 701539280 642289187 937335000 1
525985136 189472893 708488410 915351095 1
630966942 197272133 862156807 387128502 1
118062573 2757777 607862927 565483888 2
621853327 478935519 700542071 505217636 1
102787658 365361753 697722740 768294396 1
10514243 459661468 293522319 619206241 1
30096862 875132541 425549039 972281167 1
651981790 396360729 933477888 594805474 2
90922466 43320515 221002978 272996238 1
66772480 51586203 990186740 217741770 1
251102132 468149363 986112980 469534154 2
284440981 93948023 376920594 620643287 2
2798314 185143489 142478100 934090004 1
44588787 345641392 420837110 724928885 2
66854088 68683597 604986657 823142494 1
280409250 12433336 833967438 259126425 2
6933149 147292267 78460441 922651208 1
139758336 157217297 739203447 392414412 2
3918770 318834147 623308805 876748297 1
88129341 214932031 340157281 219096336 2
43747815 268609748 636029207 716754123 2
134760845 827877326 927311461 916248294 2
524244636 647172190 985877995 815108553 1
620260156 565896838 851211339 826802548 2
29614019 92585192 550172168 826510434 1
103069175 57299675 962947063 814507243 1
84333052 46381138 138689344 370537930 1
39710593 488606961 296671188 695989174 2
423170718 557397141 850063767 960495318 2
506816153 138922662 706719783 900319903 2
379902834 95374797 772977389 558031701 2
141969315 16923966 766233736 423948472 1
328338685 51639897 347929412 502772845 1
242479254 190430212 310452949 572326812 2
611850643 15033642 853324712 932623112 1
412614533 587743162 922014374 846565645 2
649527485 416323631 708143673 949045888 1
588318060 482123171 765981651 846906826 2
28174082 75377027 124962675 801650538 2
184453118 77630182 646385462 828156501 1
119032435 63838265 773870319 277468394 2
82120303 328007792 936596844 949921464 1
318703526 290715239 691201867 418924442 2
101029182 130875676 380738304 360385847 2
297768335 236665943 742132963 748487413 2
372114400 115588585 937431435 447319314 2
645200080 230628156 647372095 232794050 2
210692047 48166865 432249909 680021341 2
627360888 57204685 648026302 488466970 1
331135177 258773655 347412988 755031702 1
579898576 74559939 991817796 506607936 1
295610472 289521761 679339983 988505971 2
899171210 528085725 996551243 604756726 1
103439249 352093051 182412761 627677837 1
459409127 85469717 615952355 440035138 1
38874823 534104667 934795070 903358617 1
120621003 512820403 864543773 845613232 2
49481504 145440301 65146702 851427384 2
172923097 380658876 972005461 566095466 1
183858505 28392341 328607783 376047376 1
329030585 246634264 538619532 934885413 1
174905997 39457451 562195516 532957415 2
516857177 120345896 884895854 247204918 2
633498 57249490 705478537 513534850 2
338393474 120986460 959063829 635398840 2
312458499 115676667 532134949 892458972 2
260628883 38044730 686667590 670463541 1
766525597 10731614 972728998 241293620 2
35946630 505084181 400798853 717588572 1
296371802 106282014 368393573 395410304 2
363310785 661333652 429449235 853733657 1
44165356 420713781 414474010 843770394 1
134326501 620172504 501119030 669652255 1
374250314 305587414 679132575 838403914 1
615459326 212389098 649798700 743631323 1
589678391 43026370 686783343 880665211 1
603938722 35879864 756721099 606331937 2
756426508 50628685 929181813 950108295 2
99831081 78960984 826058235 114740377 1
265611272 303124970 579294960 667004062 2
45400974 697458527 47036891 861018904 1
63805839 228886537 785918277 549547421 2
1242854 675864180 462846948 999784672 2
521372872 377322532 535136482 980563138 1
309927583 305026699 333243282 975467777 1
320992281 376566628 417282393 438328697 1
325383116 220648543 528782411 958633585 1
599397390 226128847 648943179 511544919 2
106509494 251170900 269444877 664503056 2
475419587 737815062 738263595 983195639 1
955323568 535445597 982171636 799358603 2
342884551 73293927 381998954 955002334 1
780451912 18147686 858459307 330415396 1
76865598 35412316 907798756 295358736 1
526138417 263694752 658916296 625997872 1
253292237 22247603 716553255 770022099 1
271912461 927973525 786000292 980509790 1
165535395 162044093 258785233 542004434 1
173181134 383840904 192529822 814960647 1
714907214 67519311 718672939 81033622 2
559252719 441549073 763040454 617503893 1
136112009 357429786 265163997 582713248 2
310161497 146484282 914225739 734447388 2
688229924 530464155 729500900 733393120 1
277452848 33074894 677399352 755997277 1
617630112 366321365 722287914 560892686 1
83376288 221915934 986374885 584424889 2
32304076 117416690 105708806 207216604 1
470550494 52857816 932444549 152859336 2
351072193 157181887 767240049 332752635 2
610347664 79624017 855586193 376785708 1
477643549 106507121 771189227 461238751 1
150421689 98090046 865404734 342053082 2
231008476 56489195 812102354 391181925 2
95666442 93919255 104515266 548105931 2
3115528 172366191 40722715 823054762 1
530883160 551695414 680711595 867368174 1
48724822 165304164 761821120 630043620 1
87090865 545978217 359586183 738294765 2
708816068 744077653 947750182 772843545 2
359764759 45333140 704856135 790242671 1
392676113 270696657 492070580 490167154 1
116638415 91644936 833205512 275245157 2
58258033 573333992 627204325 683196178 2
126968961 784226877 526101114 954556373 2
31882740 377596883 111137942 568273394 2
434596692 457258451 595973583 467697575 1
713072098 289495758 853574509 835993997 1
186724236 502024472 299206358 593604763 2
504764443 15571044 683170056 237049262 1
661929882 90218507 782424660 961868617 2
7569887 322143317 130858893 525538830 2
540618392 108349492 819603051 169987081 1
