1000
1000
813
569
414
514
561
481
807
175
981
904
258
476
656
41
393
793
257
250
91
585
853
831
969
765
51
867
757
792
388
409
473
153
838
509
941
809
518
323
47
378
577
997
65
53
961
843
312
419
458
937
547
137
849
855
233
185
223
689
692
1
177
372
953
869
664
257
901
287
927
469
611
505
12
217
241
583
521
182
625
589
465
554
611
536
221
999
625
185
901
58
937
998
293
822
409
906
717
889
717
533
409
908
328
185
548
398
757
861
209
846
8
820
754
724
552
770
141
281
921
596
409
509
750
358
877
662
95
309
9
588
53
729
35
361
665
388
581
913
969
683
463
227
303
734
473
30
657
353
724
197
521
370
673
704
85
776
693
377
101
545
755
423
953
698
129
773
19
965
388
353
937
487
28
711
811
149
814
354
841
971
874
396
749
876
218
185
512
489
719
887
536
453
553
359
261
809
357
121
573
401
433
384
588
289
529
494
241
836
934
159
143
393
379
685
43
517
705
325
754
705
706
495
569
33
977
147
704
945
33
980
821
50
697
623
882
23
47
827
581
302
919
625
789
104
289
983
418
735
857
835
713
939
759
41
193
71
266
481
861
146
66
300
457
1
457
937
5
393
805
881
868
505
95
141
924
881
327
132
221
985
363
637
877
5
936
766
205
691
689
979
725
916
785
977
840
745
146
937
604
161
797
959
662
158
209
427
837
178
364
765
619
813
471
943
949
69
837
828
471
140
284
641
256
365
784
565
116
799
771
720
41
761
174
291
611
68
620
249
889
959
49
345
947
219
284
546
997
889
997
569
101
889
997
103
273
361
68
621
241
465
157
767
604
166
237
929
831
465
769
209
893
735
965
337
620
155
829
673
533
616
437
730
492
569
346
986
514
877
609
381
17
451
21
755
350
285
3
489
439
915
825
417
466
979
737
560
825
657
120
173
337
893
347
573
709
330
145
919
741
717
771
299
561
273
290
937
425
9
196
1
151
492
431
862
376
505
531
225
887
139
265
205
20
269
165
863
137
445
867
674
699
665
399
508
981
346
585
381
141
462
349
575
245
9
697
421
561
754
496
217
229
999
801
55
766
609
468
95
473
14
397
501
705
385
502
71
716
725
65
536
866
617
837
529
617
122
225
22
118
529
449
595
432
979
75
943
967
505
536
927
429
375
63
681
683
129
569
425
433
904
369
73
820
974
249
821
886
856
733
741
148
357
508
353
437
969
841
790
523
222
373
78
443
224
249
439
419
347
843
159
654
949
965
27
13
501
859
339
385
227
657
728
817
593
82
925
351
889
785
185
687
409
153
45
98
117
780
761
25
237
617
983
94
637
293
37
879
97
993
48
372
496
535
489
833
242
909
634
823
793
25
825
449
832
423
201
430
327
425
699
595
110
265
188
721
525
925
892
689
53
401
88
304
437
237
764
393
381
715
157
169
522
363
913
90
929
505
265
882
903
413
805
783
433
112
98
561
413
584
849
417
478
143
1
983
952
25
956
713
1000
792
201
913
619
177
641
413
692
329
725
233
417
768
99
287
709
33
545
579
845
585
555
715
313
281
561
805
313
361
781
169
395
264
169
473
677
121
451
201
155
645
966
293
615
1
724
456
263
162
173
137
427
165
131
940
673
745
301
43
49
61
240
817
925
121
737
662
416
513
63
827
519
163
993
262
507
589
849
628
8
47
649
89
992
349
929
827
654
971
81
75
376
531
691
373
430
313
133
567
950
180
237
25
403
522
31
81
834
878
704
847
333
121
921
802
125
224
731
743
339
364
675
787
762
209
577
150
253
801
726
836
498
915
729
843
725
652
289
29
535
260
980
817
851
113
860
568
489
870
513
757
113
484
303
867
367
703
993
569
891
905
378
185
67
184
373
71
561
394
184
78
40
884
381
665
79
881
145
493
153
967
842
612
335
573
556
699
771
977
991
267
706
547
681
717
827
725
901
789
98
965
359
332
694
577
468
61
118
570
212
441
618
905
360
874
73
617
267
704
484
655
78
282
841
75
801
541
343
142
571
893
806
71
977
229
303
17
198
976
353
755
244
896
469
955
295
67
824
355
77
601
969
923
202
657
961
757
282
409
69
681
823
968
885
929
541
687
583
211
353
515
553
93
729
280
306
643
645
401
999
509
59
201
585
871
513
171
61
557
343
507
69
585
25
197
209
45
275
78
864
809
441
405
865
426
33
945
433
387
878
685
865
16
857
227
821
993
149
913
585
447
17
865
75
765
942
699
569
787
730
939
390
986
125
723
605
725
836
337
468
