3000
76127
68828
62561
67859
57619
86366
99147
60452
97215
73855
97575
61809
54888
77119
98993
55159
53081
51047
71699
96802
87019
52202
80411
64977
60208
69812
81476
93943
67676
79474
59836
87634
81106
89648
56177
62442
93335
74483
92046
96818
53609
94363
87130
71600
53894
96201
64533
99884
58945
54432
99573
65490
96724
76251
67291
51524
81485
92507
75992
59365
84289
90466
54684
61607
88010
76684
68801
94463
71799
75169
77995
92366
88461
76697
68651
75461
83621
97029
68871
77007
51025
85703
95642
88239
53136
96898
80897
66992
63891
90423
97869
78444
64601
92766
84518
83766
78266
77789
63990
93736
93849
86249
57585
96207
90736
87151
70700
76756
77004
73217
71128
61918
71664
51028
63212
99198
88271
66174
73062
65216
76124
82834
94789
51523
94034
87386
53935
96151
79467
60481
71391
57057
89381
60293
54654
79813
97958
62033
58545
93195
52646
92675
75278
85488
52120
97774
89304
82929
68031
65126
82900
52960
80333
58252
89515
68875
78881
61723
97491
88896
87233
50995
84751
97363
61731
72416
57280
67410
60084
53000
94103
75146
65264
96199
65396
57919
96367
56242
76000
97268
67427
89682
79257
76288
62300
54255
76910
88561
85350
60560
90517
80678
65961
70825
83669
51502
84974
71653
59340
63725
98161
69633
97375
80207
59953
68953
99303
60130
96425
87027
68849
60804
98610
89914
85029
79940
61010
64354
67718
50201
72166
98026
50146
71315
99155
57520
87199
65505
76851
57449
53175
84803
59515
79617
50771
87264
96207
51448
71888
55239
83327
65275
64954
71357
55041
99764
97926
75846
84093
63635
80763
66174
83576
68225
73991
67491
61447
62179
78506
61040
70477
91921
91204
82380
77959
97708
89004
75679
62992
75012
86020
71167
66255
85579
90806
82304
70798
60027
95433
94320
74476
90870
84140
62714
80025
57113
89291
85387
99268
92264
70881
56428
91030
66571
53679
73502
63499
78572
52827
93760
57666
74269
87408
55759
82936
54027
51549
85605
83391
85482
75221
70894
69867
74816
59644
91652
70783
79222
86091
52427
65062
79485
62899
73488
72625
65245
78299
79334
76855
67357
57778
50389
97547
64770
92553
92538
58213
60431
71687
72766
78928
95049
62742
76693
91104
78274
95367
69355
97122
87535
85715
66701
52680
73022
54618
80466
92435
57546
57947
93258
50230
57193
53162
85767
93046
52182
76973
85346
54331
92060
58616
84388
79660
92228
76466
81931
83651
97879
67301
84938
65106
82233
59694
76654
78902
91985
76019
80228
83151
64178
75587
66662
88299
85228
55314
55738
84706
86612
76179
91665
98802
95977
77334
69875
53800
99658
64199
95676
76645
50918
89576
65474
80866
88083
81797
73473
95314
99844
71075
72416
50681
93821
93109
69987
86577
72679
91128
51164
71423
76331
80121
63116
90886
69053
53488
60213
64185
75182
73641
65736
75563
90023
80366
94974
63393
64034
58516
72004
98298
90103
57327
93821
52996
83210
73193
54338
71668
54476
80410
51554
68178
81440
65531
84684
55090
69968
93758
52189
54677
77005
68533
57368
88601
99522
90689
55720
68764
81799
64601
84937
54861
99712
92845
60410
80912
98554
62852
58287
68576
75985
64827
59202
72548
55629
89195
65468
89252
73109
85525
84919
56627
63900
79847
72901
53985
71028
82236
94910
58186
58280
51583
81253
98690
64709
83935
96174
50177
81275
76748
51726
66326
96128
78802
52191
52813
54813
59826
59914
64213
71104
80606
82480
61787
74905
71412
96484
90111
54596
55629
72266
59296
80366
74754
75460
87067
88386
55491
87440
65935
72154
61121
97493
65187
80445
92815
73960
76367
55271
88003
96116
62737
74069
93370
85248
50357
68647
90419
66714
95224
85545
50959
92639
99907
57945
95748
92008
95591
87681
85269
91501
84089
89206
54410
55932
87264
62020
56631
67387
52837
98595
72086
54272
66910
53396
63534
69381
79375
52830
52441
71151
52300
68664
92394
73234
65345
82676
77206
92861
85137
72175
82092
64453
75355
99656
92450
78904
65431
82001
65478
87099
64121
78781
96345
69571
71621
72392
77266
91259
84494
59560
69030
93534
52412
71158
85486
92685
66025
74713
59560
77912
50096
83770
80597
53757
59096
90904
78444
94423
89472
64785
66773
76102
55778
53064
69081
51495
64550
67673
55369
74066
79278
96403
83534
75833
81915
57733
79882
89224
83267
56508
63449
77774
94291
68708
58066
95181
60540
78126
97220
73250
85082
68538
90370
99714
73825
63861
74528
81033
66776
91199
97171
99949
79058
90063
70245
69367
53777
64963
68256
53068
59185
73455
71900
69120
97552
68511
59645
52350
78266
51130
91621
87195
79342
77617
69936
90613
52805
98948
58701
67068
97642
59299
61051
68101
65073
59099
98088
75304
77542
60102
59876
62555
88781
67929
94366
99219
74766
50834
55294
52659
76197
87843
89965
70793
50378
84211
55051
54533
73201
91254
77162
90361
84297
88068
55871
57862
82625
90624
63759
50608
53032
85699
87096
89673
66756
76392
70468
77718
83620
78869
96589
66691
96941
92423
89798
90604
62256
95129
72687
89946
56114
50683
70805
91790
63848
99220
82371
94399
80741
68880
93143
68929
50644
58575
70235
78299
54928
81902
76452
79912
76445
68124
52414
64441
82916
76569
96840
71344
66255
78520
94742
53462
85249
77605
94065
73254
55305
57698
74477
75315
53874
90632
91765
79824
58416
71391
79360
69613
85587
63113
84878
70689
89170
70195
55166
87053
81870
84258
89459
54772
57762
67348
78490
71563
77497
60865
66947
87882
59727
68265
71086
79107
52848
74393
54631
76863
79602
86947
79015
55400
79577
61685
76871
92705
77899
56197
69670
56891
53518
77095
78462
71412
83394
91031
90994
83607
99748
98214
87896
97853
52558
52670
79584
86430
98427
96252
80624
98462
58584
53039
62669
55398
94713
66416
61278
92846
94108
68104
71147
51866
97040
77121
97633
96664
58678
54095
73985
98954
62942
52215
73992
89542
74696
76953
88776
77652
71914
58072
79794
57697
78240
87553
58223
81538
77555
64202
64115
87355
62600
97867
54973
62629
82828
55277
85012
51589
88090
77030
89091
94987
61688
97491
66964
65185
50555
51819
65916
62858
76789
92554
82523
65597
51666
99833
92217
89627
56349
54073
94812
91759
74923
86697
81565
71884
75019
67294
96314
94048
97012
75205
83839
69174
87770
50393
84518
53230
99940
57168
53953
75054
87746
55644
70610
50854
80552
93776
88250
74497
94111
99954
70713
89902
88022
55762
99331
58585
68289
83575
76998
90344
82944
84266
53017
64825
71886
64080
71430
89730
71950
71620
93154
68685
88101
66671
70305
91922
63382
83678
61601
66312
73100
77765
91706
78052
66171
87811
95370
84013
54980
56051
87875
75032
90716
53055
69196
74761
91179
88577
67944
52360
89459
80591
92632
65141
74252
75001
64262
76534
87408
60983
70830
99890
88963
87568
56659
54210
74234
63779
55880
60224
53864
52092
94110
91982
57286
73807
76181
71306
56474
78583
96841
96684
70026
81099
87468
86633
75772
97843
61947
56072
78160
58941
88598
70688
73931
99424
88961
91071
82824
63762
84593
53131
64677
73807
54559
51589
69654
96632
89518
81011
70755
90714
97812
80699
86834
95645
56348
85094
55279
76890
76694
80668
74204
81000
62022
71313
76245
64657
94209
58038
63797
85993
90061
69991
83569
84931
85069
93511
80835
59893
80460
60288
51511
66923
57587
50845
90755
74370
97515
51524
71131
92347
69170
83520
97539
72419
68019
63698
91218
76611
96906
54654
50180
99508
76119
69634
69342
69314
53374
97687
60466
71602
50786
82945
51880
65777
99272
54153
97998
83979
60126
85778
80367
72103
78457
90211
86853
71528
75481
93036
57415
75323
79998
66331
67091
55251
83505
58433
57511
54864
98869
94217
88817
66273
96846
96998
93554
90536
83396
59274
64455
72932
52020
93127
98653
93417
60834
58721
56041
73275
95184
68288
50681
73293
69553
90146
85302
97263
79935
62407
96248
57868
64249
62966
75796
50569
63332
72473
99139
89294
72285
99662
85829
96159
62014
82758
62620
96767
82460
75918
55492
64037
53664
61664
56995
98411
67105
57245
96580
68886
77836
72892
68137
87266
58701
78205
97631
54096
58927
74505
63006
87844
80117
80392
66731
74274
95382
99947
93166
98168
56118
82368
68390
51936
84051
87572
59392
88939
56356
54617
77040
61365
71987
60886
96720
90106
76797
85194
50016
77310
72669
78243
68490
71788
60727
66184
82663
50866
58503
63325
88564
63264
89091
95231
56024
90846
87383
56114
50499
51891
54671
91707
95667
59265
73550
52981
53873
81619
81671
66093
73310
68772
57783
68824
58011
87401
50340
69263
63764
58817
64942
88932
84387
52342
92656
99732
74533
51930
52314
53787
89531
75296
64237
87178
58437
66004
91404
91233
67481
58959
98181
73647
83660
71469
64978
56367
73394
97024
74208
58739
71632
98231
99097
51828
86006
68706
97387
52041
95507
60076
77731
61192
77659
80456
86561
57621
95330
71278
82757
83510
85407
84229
55647
53802
73981
76860
93443
67515
52334
52492
71475
75458
89982
98475
89767
86059
84333
57986
76829
97737
97544
83381
70837
51666
92974
85761
58189
98402
63292
62077
55665
84997
99285
78174
76699
97943
99407
89467
71116
83128
91268
65323
72706
60382
72543
99628
90366
50843
77505
97819
80516
98345
55363
93712
55836
87474
76792
97583
82436
75043
68733
70553
60918
86007
85577
75015
88751
89061
79077
71399
69617
73741
63692
70393
57039
64771
74114
71636
61212
69819
51444
71765
68201
88236
52108
52939
81110
97004
52815
70575
78182
52527
58540
81128
81500
99763
99325
83305
74946
55356
85462
96449
77196
62363
51009
90532
72562
89563
64238
99350
99303
84070
51949
95397
51640
71308
95492
57485
80217
74377
52930
63378
54491
84914
74195
65640
77894
80264
60744
75244
58461
78928
59384
76177
85790
72998
91484
69175
62791
92935
86154
82340
63075
99879
90647
57534
90121
83358
88818
85374
99020
67778
61494
57516
96435
74143
70502
56824
77222
70344
54446
79634
95102
68138
68726
86866
73190
69302
80679
60346
74232
74617
73842
55698
54214
67158
57299
83513
69929
92898
82588
74055
84268
75813
55916
62468
68567
77143
57287
91125
52293
96615
95097
94631
58678
63793
89416
93334
92206
97390
89527
87050
78355
55226
55784
66748
70564
91312
78131
57771
61432
59973
76796
84728
94546
94359
70373
96098
76084
78624
67921
80981
70341
97223
87093
76471
66096
85348
88203
84129
97260
91607
92719
67010
86868
83531
66651
58785
64479
74729
61710
65145
52336
64193
58792
53930
70368
54455
81325
67105
83738
72966
53110
90561
93820
75498
73463
51142
98943
69712
64014
72618
97370
94745
80718
78468
54022
70753
87517
96362
85768
99935
73050
64186
93014
94056
61750
93966
56242
72448
88527
85239
89642
70241
80931
62374
50996
99089
75344
51363
78444
80645
93972
69629
55928
58355
95124
87198
92472
81604
81748
70203
91832
73253
70940
63342
98011
72219
67222
98732
52442
64191
97222
77047
66654
57556
89590
95641
87370
76591
99910
94179
88255
94239
58009
80807
75722
89156
62359
57585
74185
91451
75874
61479
62665
55409
79761
72770
87754
96456
71310
61632
85314
74639
98601
59536
66490
50985
56354
71014
86905
88738
85967
89922
95095
52802
98692
54684
90409
88204
61710
83344
88763
98337
62065
75400
54449
84399
74939
75759
56276
94658
70534
67286
97035
51331
68508
85187
76965
75021
65522
74081
64769
63724
52966
91096
84434
59517
83148
97942
73465
66908
87376
96756
85262
54635
83677
74233
73076
68833
85164
61401
50642
53536
87310
89798
98626
96071
55964
92738
53607
87971
50897
76066
97214
82323
71873
92815
76416
94252
70008
63817
84339
97613
79067
99028
97838
64697
51689
72880
90628
51240
93680
57249
80277
75945
77411
94738
54350
51668
87746
61248
55948
50579
51108
63961
50157
66824
72606
59508
73147
61742
94218
76459
95055
90646
61863
98771
71191
60254
62576
68872
78190
78362
65325
82390
71195
67328
51666
78351
90349
69183
66235
97246
79271
83854
64576
81523
67223
97631
72673
83555
57765
63893
54250
89529
63335
93150
67226
51023
52368
73933
82603
96472
96037
90534
51300
80822
54970
69593
54981
64295
86285
75982
68824
61994
83536
96614
96114
95218
58703
72500
73846
97741
56281
96663
90177
93918
84876
51711
66447
91474
64797
72034
59653
74782
81174
66500
93993
51482
72562
65340
99757
74694
61978
92858
99424
55560
76708
76258
83634
74248
71806
64266
83539
59358
70807
95550
68266
98698
78628
73626
58031
68949
72339
62103
75514
75185
97675
78956
83360
68918
93018
81023
54591
85691
50387
70128
82393
67089
81555
56399
98145
74582
58896
91573
80297
54393
56185
64660
77046
74006
96882
55193
90237
79798
74053
96314
78843
54047
64412
84076
76724
72628
80761
56546
58442
76155
79224
64564
68290
99679
98640
96850
76744
87561
51807
81286
57956
70385
64916
63014
88797
83136
73686
77151
64448
60050
85425
63313
68976
71196
71876
72723
71202
65106
90508
66695
67357
69816
56947
54873
81793
78576
66901
93647
69291
65461
52494
77819
93605
87868
53445
52696
99691
83356
96713
54888
79322
83398
51902
69146
77755
56440
86745
86429
53522
73958
61019
90602
91509
82922
53637
86078
92589
69363
94113
92021
84272
66624
90153
74972
53000
55586
61525
67869
53229
78838
52977
99377
52618
78578
82292
85728
88932
75950
71361
71821
60193
88697
79224
87226
78736
94787
89309
61313
50892
94200
60841
93576
68625
72400
70032
62215
97864
85178
60463
51652
79893
87827
75627
54303
93200
72434
92359
71442
79313
77890
59401
66885
97221
54565
61261
77581
53208
61947
58113
58591
98605
65804
60922
60906
71268
53691
62172
70496
74096
65024
79258
87587
64080
80046
74607
90340
91311
81337
63991
56951
85045
89845
80284
59303
84541
56762
65931
57679
90906
93411
77113
93849
59319
80954
95224
78718
92391
80568
83898
82629
59484
90883
64497
68900
83076
94238
96714
81676
90968
68751
65923
72647
76886
67608
79981
65180
54648
74490
61820
82968
70673
92298
78512
98711
98022
63718
76989
69433
66277
70099
59829
92740
86875
90449
83720
66250
85910
53661
61181
72736
82923
98413
78535
66061
57376
92085
85949
71400
90912
79229
89240
77314
92908
63956
89607
65924
90635
53006
62286
99745
80112
65474
88877
50146
80712
63919
55878
70459
66118
50974
72537
68960
57248
81577
95223
66359
69705
73003
73031
75254
83820
62651
68816
55356
59016
65152
92470
81942
70525
83994
58962
74147
76245
97782
84984
73683
97767
91585
84111
98475
88530
53916
51421
97464
85421
59974
53671
57230
93037
90712
88669
86135
80946
83517
62607
74168
99288
66410
65074
79661
78068
78086
65667
78200
76717
71304
81120
52039
99968
88660
73174
62792
77671
81644
69985
53660
80100
58643
66580
87424
73694
78604
76205
72277
50760
87111
99422
63558
56278
95894
75375
65739
94872
85776
93844
88847
66180
72544
69530
95148
77321
58517
75426
57361
91871
93209
70708
75092
95937
94369
77088
80555
69815
62628
83471
88120
61549
99112
93961
90432
50259
68937
67508
60515
98637
84580
64912
53447
59626
81267
53000
96947
78341
98435
87006
57151
59838
67940
95462
76883
96160
74423
54185
72844
83779
72881
50650
75394
84900
78270
86339
79186
78409
82915
74187
67341
56041
96334
98851
64613
50461
79059
91466
77196
69469
52261
80896
83241
86251
98932
90858
56305
68558
78356
82946
66182
86579
76738
91456
56862
78866
61930
77700
77882
65230
58157
99579
88754
69801
94296
89293
64761
70052
62043
87766
85506
68233
71518
89222
87165
92929
98157
61206
76015
66328
57521
82957
90533
59206
79207
79402
58384
97580
66699
55810
75236
73739
77633
61894
95323
68044
85668
51159
68762
70777
71750
52232
65363
64539
88717
59604
78316
88441
88678
78136
80627
68030
98970
91987
91048
98611
72495
79853
60326
57800
98628
64227
68401
50703
61449
69898
76379
92537
92349
80158
72283
75479
78366
79745
98466
67416
67147
67451
58794
95552
96972
85133
76047
95604
68727
60209
56402
92564
92933
93870
58550
50223
69842
80311
74831
91703
60206
75836
71151
80044
69340
90277
94463
76423
60778
87308
98310
58714
91544
87229
94214
74987
85590
71465
65728
89557
70098
60863
53126
70473
56441
90475
69387
61577
86303
62104
61509
56417
85873
96588
85228
98264
99742
99590
66472
57189
76638
75682
77922
75869
80414
56914
62061
75866
98647
93680
98571
50142
94012
60366
54157
76786
53397
95846
96986
55679
55352
77747
92604
56981
98996
95663
87978
50106
94058
97404
71668
70605
87673
91078
77245
60594
68275
61060
60039
91754
58330
68560
85470
71163
58212
76936
53174
50995
98283
92889
52608
53221
80209
75005
97947
78942
59473
72285
90258
91277
70292
97576
73714
58498
57805
86511
87227
82576
52547
66641
96673
95885
54759
99727
76550
88602
77170
94996
92871
93137
54182
71777
82662
54159
83779
75004
98419
51875
64929
74661
87344
78605
94090
67314
76551
72821
52379
60517
65812
94170
72387
63737
59671
53717
67057
56435
62672
92777
62693
72757
77969
71881
57925
69183
91008
55849
87775
90496
96554
95248
97923
84677
97405
84864
90065
87905
83940
55014
78249
51402
61668
50226
97098
97333
91646
75156
80277
63664
85491
96417
61735
95608
83445
66739
56730
89935
60736
76157
55201
90539
99118
60117
65114
76400
92857
71144
95965
71437
75964
85624
86489
92591
56015
83394
75633
84213
68553
65268
70950
80069
90873
58267
69616
65335
95335
84422
78208
83995
92497
64797
69582
70538
78780
87378
71595
84499
79779
74310
57646
66833
68832
95230
73217
74253
68547
99331
86144
73801
59348
73735
51286
51245
74410
77090
80677
96771
59215
73276
96400
61538
57548
70962
57485
68924
76011
59350
95396
73711
59096
98142
59106
86043
63052
68704
95983
74934
62025
55025
89116
77813
53105
90024
73031
62077
83516
90117
89020
78797
73966
67367
93402
99533
65621
58449
58737
64742
71951
67518
89139
75497
54064
83894
60324
56355
65598
91153
59666
65137
50995
82490
95436
60819
98397
88254
75251
64981
73027
61186
70550
70542
93449
56378
77098
82139
52773
86273
74732
63064
74749
84723
51907
82622
90091
68627
58961
73453
91318
73715
79907
74882
52932
70051
75426
56949
92522
54943
98463
98049
99829
75582
78578
72415
76992
56336
78432
60458
84405
84062
61267
60719
95215
98203
61142
97508
60891
94045
76950
56120
79538
67715
65011
65942
76570
63072
84134
82526
83640
55838
56647
94765
93153
52996
56654
88318
74381
97557
78529
86516
58097
52849
70203
97254
66448
83541
85790
81244
81035
82683
93953
89698
61245
78753
95766
61803
53163
69617
72569
69361
95433
60424
70398
94299
74254
99464
53927
60044
84821
58856
81443
98858
50350
75752
94024
57125
95493
99646
77592
92155
93609
55670
50041
84334
56237
50491
66156
89426
87980
93382
68935
56346
88474
79084
82765
51327
85197
71093
80431
82678
71733
98934
65563
96074
87586
98514
87370
53744
66888
75087
78980
66931
51637
74055
66462
61737
79906
94787
91588
74182
74844
77873
55799
65811
95213
78198
87796
77633
51098
53903
68200
72412
75368
78754
95503
80440
94431
68750
60123
90902
50350
63320
68651
76427
99107
64799
74728
70160
67527
64351
70844
63207
59902
82955
90846
80177
72310
64733
59489
85287
91841
67589
90921
66266
77840
96655
61157
65482
87587
78576
93146
96765
54924
100
99714
91628
84476
56828
65273
90452
57978
70991
93648
70236
91725
72175
51977
58300
53358
75367
94628
56836
82736
69144
84437
63147
75178
61697
76113
66402
88993
56291
86149
57419
57503
69095
55141
72043
52438
88840
54611
92910
58232
79413
71924
75934
80624
54122
59213
76377
92098
61005
62875
56862
78476
99725
86184
75805
64557
79958
64234
74225
98874
69430
83046
70689
50050
75195
87171
77227
89233
52944
83163
78896
87512
84911
99561
78450
65323
51101
86074
98530
59274
53392
88812
98821
93378
61265
58897
54638
92897
90049
62061
60091
96182
79895
98515
84990
93197
59468
96059
92714
64050
69450
