3000
60027
78127
39417
20626
2019
71356
6917
67108
31187
16285
84192
12900
34924
24136
40355
83172
81279
49625
83595
84607
54116
31387
75643
64434
40572
69000
8878
82405
8437
42356
14152
25308
52445
24781
15342
61574
31460
46805
80403
45737
20669
20379
64993
53954
66060
73697
86910
1631
69436
42269
2787
86158
26466
236
38532
40020
54376
61063
62747
88834
65890
24728
78844
6469
63270
66421
69801
62659
80705
33816
28666
13752
19881
24854
23588
87021
72236
91847
45676
23517
7312
65808
81425
90453
89397
41313
27070
62972
41470
52638
79621
10963
96714
66651
47159
57562
332
73005
83248
74673
70368
92874
56304
1692
19831
45900
68598
44739
1692
86089
69999
23087
73210
16585
57509
91689
84357
43872
1377
95422
39307
46037
29334
2211
92510
87538
31719
77010
21332
98499
56764
18376
70432
94965
23983
92445
49900
52741
27361
93652
82765
38769
68492
20814
58301
23556
12659
89468
22991
48176
61793
84816
55596
75419
4737
95747
97868
57741
55516
6648
95424
12838
82459
77357
61146
36787
99590
88271
98220
13872
61155
98675
99713
31427
98865
98922
38510
78154
20307
34300
3324
45109
47492
47315
79015
85490
91552
27421
39753
99030
41247
71496
9977
81046
33211
99183
81719
78000
91663
56009
59730
21304
79491
70234
1513
79531
18012
48391
55643
17450
20077
21299
72807
99081
19484
29558
13326
43345
84938
75424
58304
86296
70665
23488
88492
24709
84218
40175
74089
6062
68221
73410
92272
85784
17966
60041
73261
53094
28682
25270
56808
65461
47496
48476
42356
20507
14795
72407
85258
46124
71657
32669
98012
4286
59841
75629
24157
62171
22253
36855
73947
32523
94330
82424
35547
32151
46381
96193
60453
77222
65532
77303
4744
12544
84109
97639
83799
56563
22893
76487
82218
3919
34766
37116
80270
54209
1723
5129
17440
50927
62461
68437
41204
31933
15398
70286
59405
24742
57682
1614
79329
86096
41834
70405
64879
14680
59537
77318
48865
89948
23368
4888
75233
88811
76117
59588
946
67293
45499
1436
39544
47793
52205
37559
28437
23616
62919
91290
74060
14150
25893
73415
79008
57273
16495
76187
82228
35458
19176
13861
53290
68921
32353
45287
54059
79098
28750
62857
61886
22488
540
25100
61908
98921
95493
29324
77323
16540
1904
5829
66027
10140
69293
45524
50565
7129
28680
5018
36128
26753
6809
61198
22968
92212
70158
43906
69358
62919
73720
20074
67735
61609
3649
59874
81658
75021
41808
10100
43433
84485
78075
59131
27825
1835
35437
50614
28625
98190
38964
20407
4282
78041
14840
77306
37427
3153
73603
83724
32185
29408
43007
55117
64490
68562
32085
26828
54479
94549
23421
52526
78622
56079
77402
38442
71553
79037
34456
64714
264
20932
14289
12058
27259
86597
208
25195
73022
80711
76898
12150
47810
24000
41491
1970
96240
38542
41796
68134
65727
34593
86184
64858
829
8694
79303
18240
62600
97689
79336
69963
89536
46561
46380
73458
82867
53111
97120
39169
50603
89300
96941
82801
95216
83486
54382
70585
7246
27186
41295
68766
80614
9097
97111
12328
92543
11391
39979
96117
47667
21005
23458
91690
94979
45418
92324
66715
10331
97966
93344
16543
42435
29502
14386
45614
25222
88695
18287
57817
13328
13745
22609
11627
61146
62835
66025
11418
70026
71952
19585
95738
54777
9546
3444
28544
24193
96959
32779
78697
80291
88374
39223
14632
53078
10116
91209
70694
68628
67548
16327
91649
50253
68536
96104
45398
10661
76205
65139
2548
14640
31745
97731
91220
37724
74553
5937
55417
32747
43091
25148
18415
37404
74099
50740
3378
18862
57136
8148
11267
33046
78487
53441
30908
41316
73480
9951
62807
26112
17280
4411
22123
24251
65003
7762
96507
72027
31607
60725
43038
97224
86719
85905
27629
79404
81490
74789
15297
84933
30130
28893
37509
59896
13903
79440
86648
76753
60538
67701
98233
12724
62443
80892
57801
43254
79556
72441
15559
33998
43170
69161
2332
51203
8795
73193
79174
3412
29987
57503
5287
9870
8581
28712
1461
84425
84334
20335
82278
66663
42873
25905
51237
30585
43257
70280
38579
85599
40899
65176
99845
60231
73771
4197
2667
17951
26046
99535
25213
60342
87197
64457
97964
93624
39871
89892
40155
19259
14634
43459
68606
55967
86595
28953
3921
96622
11156
35184
33919
37380
2955
86248
22132
86225
66082
43699
95601
28102
41933
49288
74842
44197
38226
1493
5986
77234
87553
39803
50507
14869
21549
3383
56728
75662
84425
63424
25442
1232
28631
75623
39117
47386
56808
72561
40012
78295
44118
89672
32326
12711
97009
27253
28254
40368
79285
63002
96896
17307
31071
92304
64070
22990
16418
57108
83235
77293
52559
72055
24337
68576
3711
75815
92554
56193
29845
9599
7852
12780
29999
83663
59009
23804
48442
57654
45055
30838
99599
43994
19269
89354
80605
14266
26309
99737
5157
41773
38503
88336
31569
34206
22717
75561
31510
29595
42259
90586
77505
39562
19885
89741
19752
31344
22453
75598
34097
63112
44230
78405
89766
1979
57160
94353
19715
25940
49814
96817
76753
77645
39520
60008
66208
68803
7850
34946
88600
55387
42482
32617
83483
81233
9785
88781
99516
16839
33920
84706
39473
10633
21743
22590
71770
97906
15857
78638
78181
15998
32720
49694
24562
47501
71093
31852
82622
99002
88224
16027
47695
30840
79128
47385
64261
29690
57684
13451
62226
48084
61759
33136
97575
55298
92160
38490
49760
77566
65018
85375
54504
43012
75478
49208
39620
79391
7520
45443
7758
75644
48473
73238
89237
60224
2746
94870
41348
44295
16370
44551
72107
48649
15393
29571
66595
33092
63298
30396
67684
32913
99622
38811
71998
86215
77145
4808
85636
58267
37912
23600
38170
39333
22320
50261
43244
93687
27052
36401
45938
64516
25234
79796
88597
28965
44503
35347
72186
51086
43672
38126
33228
63851
30559
3150
95520
71815
86965
17685
60304
22118
2715
73071
57181
37823
83277
73771
96959
36776
88989
35529
27014
99947
30840
8171
54876
26622
53204
97716
81662
35741
19275
50723
93755
33155
57481
67733
47328
64546
31082
91971
57761
9402
7265
53195
8110
20275
86960
23272
76533
59506
50270
29155
40672
39460
15019
83756
1555
85772
72452
12825
53067
17787
14582
64798
61758
67696
63218
55266
39985
67294
1181
93928
41870
77776
37098
47009
1609
67521
44413
13364
66960
45224
52383
56622
64260
97166
77778
34997
97920
87882
21879
12158
19646
82185
20271
81846
55905
66086
34409
67022
74163
84028
99037
52205
25874
65902
64850
39476
66398
42136
99761
79845
24731
51681
71379
42509
53448
90279
11009
81629
66381
35955
75665
58473
9349
50590
13209
3723
72478
61456
26629
1245
99585
80147
29547
17129
81508
70919
31524
32573
19093
76480
40452
53082
20738
89084
49744
86422
80337
50529
72716
18845
37108
78727
35863
15348
56253
54236
93893
367
19328
68584
837
57279
69224
94302
79521
64102
92957
11758
22331
80464
43423
63869
62373
62352
17380
51008
3598
52798
71727
37401
81901
8334
76074
55487
49968
60037
72063
68211
125
39647
58972
50406
8705
75660
24420
77089
44334
66107
864
83818
4563
31954
19134
22555
50389
52162
58474
35778
25676
8733
28221
60867
85943
28613
78209
50593
67240
59657
79365
90305
45166
6786
27330
87591
95149
34781
57635
89765
88974
18150
808
90310
26448
70154
9229
79420
84940
91144
68467
27138
94366
23236
59614
77996
32492
12225
35628
92886
76948
64208
46868
55762
12011
20304
13986
95288
98385
17010
36467
64382
7995
79527
78582
82376
9707
32398
14611
33340
15940
41867
63226
74060
75072
92531
51649
96774
62361
40548
6325
72787
398
15446
67378
94025
97876
24828
91791
98408
88728
13852
39832
9427
60235
48309
57307
9240
76173
51625
98925
61575
17798
87524
57991
76137
51119
4380
77569
51917
18732
75351
58021
17035
96646
64410
82151
21034
91565
98483
19486
64963
51364
11091
37984
99327
778
93026
44942
82683
90798
50474
30840
98084
48014
99981
74001
76599
87598
9557
93279
47077
64682
49938
6441
92164
20163
39448
61621
55844
19168
60291
88258
60519
41141
17994
12439
96842
37500
25427
4018
55512
82712
85785
27112
98863
77615
65266
32582
38169
43253
99625
50192
69972
6753
34685
32760
65008
82453
79335
5172
26993
82602
12624
48616
93823
79495
8723
30401
25479
15098
57545
99914
27477
8472
1306
45976
55523
89793
71431
32602
20742
70826
70086
8673
97967
84457
46701
50675
74310
55539
18747
42552
50663
67278
74605
71470
59849
41986
65336
61249
34488
67522
37361
28253
98770
21734
95827
71596
39301
95093
44911
70113
26976
71107
47527
32152
35382
18496
97202
58462
81957
22611
72398
61401
28648
33701
52732
37843
34118
12990
70668
39238
40777
51496
58847
13003
34187
4098
71100
52157
75353
79751
65090
49475
83433
38618
41481
38370
9496
13744
97875
42591
33266
2465
18783
79419
51292
56442
50091
94753
47812
63791
75601
66009
30572
75655
7798
87287
79436
23739
93864
47142
42176
55161
560
87700
20453
44281
28798
30070
77638
35174
4191
89476
20030
37068
10808
52987
42308
45917
68368
8901
41877
192
74098
30029
17201
56219
28732
9857
10857
55568
43049
47852
98092
28789
84633
98897
69351
21177
26328
43140
44176
55602
65558
25059
33161
12779
61642
64550
58661
3149
53534
13971
32365
424
39597
13667
78762
33634
30182
56129
34047
29824
23490
19528
90641
15302
19233
47062
74020
53336
40890
49400
27085
65343
91250
56012
39665
82212
75711
77548
43867
6050
66453
56178
29899
97060
62646
57351
24246
50742
31858
45006
63425
29607
34501
55156
59691
14829
83633
61443
69314
62379
36095
36472
31285
96489
62406
47538
78797
11738
44082
89637
98253
75460
12204
46867
69858
79551
30072
11621
92886
97481
38433
38416
47715
58966
63806
15870
36032
7339
76600
4442
87755
13576
43214
54704
59606
10424
50649
64634
83041
91070
45836
17148
81509
49199
25159
9839
64841
51553
7964
47588
34401
65778
40097
13752
16937
61618
22222
83085
74638
45787
68556
57182
37206
32048
71272
87352
53717
26670
44404
16459
24692
91427
6875
50173
26300
41088
33072
36245
82425
40858
66038
92759
45822
16108
41438
939
99628
12512
56494
1854
40265
16665
10741
89205
84335
22857
31916
18515
11609
11285
62196
3084
4549
84094
4862
14832
53884
47913
39310
10713
70896
85348
91601
58201
43138
22851
45080
96325
87684
47800
54976
54842
62185
24744
36913
5031
79495
8204
62181
54186
87179
97903
26614
75367
158
22239
2223
26153
4297
52577
92504
65550
77224
27229
69387
91291
22282
35660
10616
59560
5404
41076
42857
83898
32509
57055
81987
80394
94048
17366
51951
6537
80745
47618
82115
97249
4298
20914
72028
65487
96203
17200
26307
77918
58135
88258
51367
9912
75479
65755
10794
24519
3240
22203
20669
31122
85342
27377
13486
32261
52884
92322
25720
47703
58575
68785
74224
42859
96341
57603
47075
34258
26164
26841
64890
89926
48504
34529
61951
35527
45251
81385
2625
7231
54450
44353
25665
24230
17345
1524
60859
55081
77016
7960
43853
17159
16580
74925
71785
23864
53639
16592
11013
64847
2938
21407
84685
1834
51094
73106
10208
3945
72448
73331
53319
27674
37377
75350
88625
74896
36042
99775
19843
47860
73652
53560
22205
2815
61847
26718
22144
63915
47414
14416
82702
28600
95631
19965
27735
27498
85297
14434
86222
92416
58268
33921
86290
48877
26768
13121
53624
28899
58852
23504
68450
23535
44598
56667
58432
6797
15572
22896
12696
24171
53253
88709
84588
37538
188
50541
12101
3941
19868
50331
94317
27639
96331
3110
51218
44732
21928
94589
39168
30247
10279
78226
48733
99799
1510
65638
68938
88269
26207
18237
24063
80088
55795
20613
42194
32879
30016
21941
79716
22042
2574
41201
7329
51186
86195
66563
60146
57617
9732
37131
76026
27493
54648
59625
97351
62808
71865
45259
91797
75162
63676
50098
48838
16778
66601
88233
68298
88
63301
27365
30525
91086
29277
63637
23126
12577
71575
13048
60921
36870
1301
43076
22251
68879
31084
40148
18430
6361
88492
75651
47967
78618
56017
71793
5239
38968
45131
7898
77225
22954
41001
71839
98234
59648
50291
24363
12991
24691
14007
84596
58961
55132
34165
53298
51984
32487
33752
42108
81962
94795
20289
71914
20840
50694
65837
78830
36771
9353
41614
90520
34337
30244
90251
27312
61199
63557
69586
49628
55687
31351
50815
35658
92675
83097
11229
75459
51283
56088
35651
14828
45361
85022
60187
32694
91745
58111
50823
59061
25713
86348
7261
71867
82002
40884
2325
83419
12074
54246
12287
62646
94751
49299
55187
44750
79431
87821
50136
45995
94629
5151
58074
77828
92875
7884
67178
92313
53387
60721
98680
6231
2237
29188
73947
27630
21589
65410
87410
51794
80243
58980
13946
10731
38250
93278
27023
35136
11429
76031
71210
38335
41594
6785
42122
21426
96209
12694
50393
17022
54256
84606
28518
1588
37589
87386
34711
43263
30631
40858
48516
79734
94058
62263
65953
57812
41299
53650
2483
96517
27048
96248
25464
93940
65612
40425
61567
52137
61388
78396
39200
34327
42129
37029
63494
59814
35304
54872
38050
52530
17433
62542
21933
60097
88432
76740
50616
76369
41974
1496
14692
3640
45595
58535
39292
9107
8806
11679
7898
7465
58479
16730
77751
67675
23363
4625
68329
54506
76065
1461
93830
70679
24901
97460
65001
38989
12377
83058
29347
79796
4022
53772
62266
24865
65036
33765
68595
42983
91942
41924
8857
81365
97964
80524
75845
7571
9319
28652
12361
75691
46665
83584
29056
29088
33806
58842
17371
28689
27935
74182
29155
86652
44873
39669
79620
65077
29826
29165
52556
12900
1308
4078
63535
91035
49580
25522
49188
16089
96826
15953
91484
78601
67451
15471
56647
60878
95557
80481
99647
88001
15993
16810
93666
31744
64387
51785
24255
68573
58245
87807
75487
53704
49951
90046
45694
4051
24800
61681
45457
23106
15091
98972
96934
74102
66504
53763
86218
70017
69335
20958
66299
42259
24
34623
18545
35779
63359
85510
21680
40332
69989
65396
13584
3175
25053
35491
40993
67052
33255
33275
15033
13319
78130
83769
28175
61852
39456
15210
98947
80212
50510
86930
33305
4579
63903
7968
31154
87861
91954
5870
88352
4445
33491
43031
44697
46147
43972
71233
54679
11393
46314
28494
35069
80087
48418
6393
66772
91657
64760
16433
25036
67684
78819
68124
32769
95427
6503
8699
88945
91472
44213
38422
92329
3456
6086
56049
10900
56848
23913
14535
76082
33300
27416
84498
81185
52563
15147
23358
498
61780
60280
95303
57477
76552
7043
40351
12434
33183
20023
2404
56920
26474
97760
85758
21281
39100
58585
17487
10016
81479
75623
15066
45036
43172
62975
59468
27028
1451
52439
98959
74862
54768
53936
96735
7706
48438
83697
21987
72728
43051
82117
98719
83418
20064
20745
33269
4212
50690
89263
17885
74169
93936
32448
46218
46925
44596
38240
45882
57209
89143
36221
53583
1029
1344
17843
60053
18948
85706
84472
63840
22094
37553
87211
80197
61504
44784
19877
72227
10766
53856
95864
37302
60011
37594
31571
54133
91067
63168
1403
77405
75282
47355
56227
16610
37992
65701
60102
79417
50994
58960
315
24002
88351
63884
92202
48352
7395
38134
32473
35028
33658
15897
43577
35891
33556
80948
15960
87177
66875
33713
20310
5149
35779
12731
91755
85342
7346
14726
54782
82258
78776
34240
84158
23496
59014
5013
86715
39817
35406
4088
63563
6790
81052
88259
52925
99115
46413
53021
75027
47558
48641
45372
30903
39943
63148
74136
4146
61743
55478
82443
56297
62145
93588
46789
40918
88518
43448
72754
21517
87808
96645
36155
23050
23241
47605
21310
12032
56839
15227
5104
41428
7017
81997
7848
68285
28513
52056
95476
16405
58066
51702
86158
88617
94685
58014
37928
31614
38899
2334
29655
81176
91534
30052
39078
56748
95557
11680
91021
80177
57101
37933
96933
90216
60403
29199
38743
49991
40793
9013
97940
67964
83216
77010
90497
91506
53104
36137
79877
63387
21363
72368
27225
86969
14162
97136
62991
28848
53232
72157
37316
54112
4115
28063
99173
3869
37408
74563
26938
58908
72136
26172
29778
63325
54182
85914
85929
3310
52617
67126
64381
43890
52949
59874
45728
59019
50469
8093
24982
19157
85014
54651
13806
54649
19988
16017
46361
30954
75174
59075
39448
65562
14917
23255
10122
43063
11165
45685
65956
9760
16291
74861
95322
48679
52414
69496
65229
19821
45746
55229
57872
74767
35092
84538
76862
69384
30109
84075
68145
82273
98308
67865
57016
42969
56876
13791
40063
79184
89481
43816
23517
84334
94978
51981
30296
62713
3820
69349
41195
48273
53668
35808
80597
26176
48062
46961
87166
26860
81623
58342
44675
69733
89210
51044
47180
60347
78421
20166
99013
63563
34594
6796
17764
7709
57010
63282
6702
95668
54014
57233
4171
54283
48601
9662
34047
2608
95916
52462
62005
74857
70317
83696
88743
30549
31654
75157
82756
2884
4858
91398
83212
72905
95930
40909
89370
77346
85155
15688
18229
63398
21746
18356
79677
38688
44849
79526
2095
41581
72818
53228
16902
35010
55267
81525
5783
44531
5110
37130
34860
31845
87900
20739
63498
73749
29655
68502
28653
10962
16258
25866
98637
15381
75228
8048
11561
2948
55598
40630
93373
10930
42900
6154
83902
92095
24622
61973
87914
40129
13460
55531
33811
63613
38246
84395
71801
62361
60790
4027
70491
34668
69757
22468
1100
29128
33594
7492
48200
59181
9041
48579
15107
1880
10853
51028
39492
77649
654
48633
11326
83905
23104
59570
44731
9802
42319
88209
30567
24767
53718
1554
94875
47974
50302
79355
55554
94628
73776
95168
7210
35899
7837
78104
14250
57456
33483
44535
24350
43959
84758
8217
81321
87842
3632
95107
14590
81534
63734
80880
99442
31561
49325
89243
61559
79291
50390
43787
23368
21577
81766
12328
60645
81450
57033
92623
64744
67194
69975
36513
68446
33218
23087
42740
11582
51644
34906
24501
27764
63548
38535
1244
13073
31423
46414
60651
46499
91201
86366
54429
6482
31822
93165
78227
9324
86793
65313
93451
13217
19849
11306
34119
65808
62963
26760
19428
81129
16202
40142
28741
86183
59030
49154
41679
14355
7387
60011
5694
88744
80957
27244
14298
49293
19734
22199
54067
65093
37624
31395
81371
12352
562
60485
45584
98287
57325
7494
81840
41783
16199
87023
89960
98352
64586
105
33334
56734
8937
23578
41072
34705
79618
8503
78104
25491
88992
98055
29530
58954
60951
74278
89714
23120
83821
80964
85909
75115
10127
7009
79537
63582
45160
3262
38279
55871
35597
25141
19841
42422
96744
13405
91800
55993
41223
46885
64737
51172
41207
20130
28371
87731
20891
37188
32201
43162
70091
81661
85370
61523
95040
28644
95511
30230
80688
624
10808
75150
98237
8680
84097
90447
22213
58892
59269
26906
74199
26861
63113
90609
22728
66052
48083
74589
28495
40165
19592
35242
3490
24030
58338
89749
70609
69322
38207
86162
28886
34446
39837
47490
23801
86548
52826
24680
33456
12359
25807
20215
12575
28203
13656
88028
66317
67714
11169
9610
79993
80528
2408
22418
96079
29197
41231
22780
99
60040
61807
58213
74216
97410
85471
54860
81508
86976
80379
91505
67270
87438
93383
79950
72972
70564
93284
98030
56579
96328
88166
79498
57572
55534
50862
71956
56938
87534
94164
90099
57288
58277
98360
81781
95433
59538
53075
54907
71716
91729
88186
72334
63462
98711
50156
67671
68357
54479
86720
71997
99818
75166
82054
89834
62121
73068
59736
72584
87358
62492
78337
93619
72954
86035
62005
89903
50992
51019
59568
50466
52194
59408
84608
61327
72577
86214
52565
93323
88525
77946
56515
78754
88242
85340
69791
71265
71137
72782
71817
89417
83278
70778
64781
87983
66921
56834
78950
52982
