1000
87952
44697
63533
39579
32604
21413
71989
58499
77473
87159
32804
64989
37356
15515
82273
57339
96824
41886
79846
82768
26352
93448
54290
23135
18542
22258
13328
62998
35626
69707
17691
31563
62470
11988
21294
90388
84293
85498
17826
90904
49293
62772
45289
21743
66340
70458
87065
82510
91274
15431
14972
46975
82557
40668
32898
88322
21943
52486
45491
46527
60971
14454
80216
21267
29424
38278
73316
6295
39405
8136
503
48998
42085
6999
52675
76939
38793
71858
16626
88285
66107
22431
59171
20132
65276
91042
99895
57118
26495
29775
47773
25697
78763
32087
66633
31364
50727
55657
66934
76885
67332
27880
59744
53447
86841
49324
90455
58281
75796
3751
99540
61732
74406
7909
96580
29280
80798
86760
46149
21988
91629
54201
50008
22623
10098
15592
60111
78943
8135
57466
85277
73198
47145
27798
98814
24645
17968
18745
97255
17887
57554
31883
24469
69834
55130
65076
60350
94321
53054
13411
43655
51428
86331
83386
88871
72952
55106
84832
39848
80310
62971
70160
340
25364
18372
68931
47310
58369
57776
3781
35239
69742
3523
28978
55150
82365
94364
83792
33780
65523
28027
98907
29831
55061
86617
23062
71763
5549
78803
39230
23631
85498
26521
26768
3791
38342
84751
92250
48795
63976
365
73919
53727
87123
42233
26719
49632
14186
48727
53789
93609
47207
18706
93657
89600
11033
20301
36979
13173
95165
79888
86420
94148
42881
62208
46265
80936
94466
74526
81104
74549
83835
14292
61289
73259
96190
57545
75827
76833
775
79162
75704
88780
15666
34045
94091
93692
33042
69488
51622
9144
28493
87777
65467
96948
24500
17289
34672
38123
33182
65707
84997
24085
69595
6363
64890
55444
60105
85356
74578
22219
43274
59758
37740
99044
66753
22860
41943
31303
79312
81835
40631
10588
92647
85122
10303
33891
75143
81714
24068
86411
68745
83413
13864
44334
74323
44286
11490
69122
40457
73713
26858
86411
31263
50888
3183
78503
36575
91150
35406
44111
91104
10946
4292
14811
38678
85359
30866
62254
43936
91369
57691
51039
24357
3035
7998
88593
31061
10290
44231
88723
83687
61954
6923
41555
20886
14582
27778
41298
64496
82995
53520
94308
40327
29294
14916
77597
24182
92290
43225
80030
88546
96866
84403
30691
70550
13224
81483
43393
88589
7251
1224
72526
65774
75102
52345
46791
804
56191
43112
99605
23558
86851
90671
35693
56224
22870
55602
78432
35646
68953
5961
90769
72442
15143
44631
42840
99650
8474
17673
61090
60263
61752
4574
83816
72158
3590
49303
1272
48662
67261
79872
78608
50370
73521
69900
74112
26325
32418
96422
53118
93746
86764
53194
15133
35364
38805
54079
48290
93274
11489
96553
54913
869
4353
66261
47281
88034
49672
99882
18542
66780
90063
86324
32147
77952
43283
98364
4288
507
66321
32625
654
82791
10341
53619
4777
78267
65738
50092
31365
71297
71960
29229
69582
15781
65238
91753
66606
24571
67472
70361
19509
16362
59027
89171
20830
93021
91962
47300
52619
52040
14891
34686
85745
68352
65634
33160
16828
41551
78819
85487
30575
65642
68341
68282
13387
53155
16242
37268
48360
74312
17923
27557
61908
35797
87331
68858
19385
28583
382
93435
91452
5897
48012
99810
41579
58351
41849
90577
61088
48426
80408
88270
28434
3544
33068
64518
28500
76261
94701
27697
77474
6089
23988
21458
71912
25758
48538
61670
26442
25216
68491
53475
22917
94348
7294
63449
44111
71492
14983
43108
89134
69166
54202
71917
95298
62080
48707
17795
47507
12015
27406
86936
29051
92555
75715
17698
74056
34834
63111
58758
35790
49141
29194
96982
4921
12173
80067
73361
41144
72701
48895
39770
77145
92399
51293
64636
34871
30604
14226
6056
42058
58743
35162
80534
27434
69279
724
84300
39197
35911
96737
15640
28212
38564
89034
29939
78578
90254
22197
9130
94101
48472
72028
54728
68020
70358
59221
57737
69835
39895
33319
74812
49533
76989
55710
28031
57911
94830
90724
86063
42169
16901
76846
36431
32429
10735
4747
83772
5155
13695
86790
15561
89834
84042
46842
12421
43471
74567
38254
80719
42562
31400
44791
8028
66104
81220
37950
25221
13450
96464
61076
19307
59463
82073
10572
87007
76868
95651
46887
3548
99591
19426
15789
52272
54241
66469
33024
79540
42203
75932
14497
52950
13208
94170
76774
81615
34872
77695
14521
9874
86563
89865
89871
3985
83639
18764
27346
4549
56595
71332
3293
56131
95045
38873
42308
75694
62421
27387
57847
77454
43537
8857
38628
81474
79932
33254
89555
93360
73223
33660
41938
55140
49941
89061
63715
16200
53429
83763
13615
55386
5080
35294
75678
81573
23375
8595
31573
97375
56809
76189
56645
58268
79747
88426
51419
13364
30806
82220
45836
77002
28550
95283
91479
4743
83691
82017
11055
64134
89991
77000
68326
92700
76683
88138
14132
9222
61037
51948
89768
57745
36812
28291
27222
10966
27452
57216
70429
24361
82878
23681
35972
31022
38135
92919
18074
22025
47814
48964
60414
80958
72496
70585
31670
83557
41918
98325
92676
66869
51545
92156
79633
98484
32864
34272
35546
9317
34480
64027
80367
89094
89514
80128
34375
88276
54347
35378
13427
73408
84527
11458
34231
45166
10946
46498
16126
78404
91144
70453
11406
39397
65641
43789
3490
88862
85636
82270
54080
94170
39155
82165
76338
72484
59496
40524
7179
85797
43071
42237
31029
30445
83290
54659
82076
76152
67129
76526
97402
68040
46283
67458
29139
27686
33891
92021
41074
10018
89561
67049
87661
59838
49631
58287
35534
6553
97857
84799
90151
5853
92802
41592
65054
37908
7091
3867
73584
86336
20659
19013
62383
22705
8270
63993
92127
7453
55486
85449
70504
1923
7004
59753
16953
56621
23985
43343
4288
60077
91839
45495
68977
16303
87425
87406
25266
42083
427
79071
47417
93116
47852
63402
38099
27411
14269
88450
82562
63395
58691
35403
93749
48376
48266
18162
98607
28352
12570
53187
76771
58831
15311
3946
45198
52780
55598
18023
13643
95756
42976
70243
50800
34740
59621
53079
62225
68981
47981
56047
5028
97889
59520
19341
63155
41719
22283
83230
64148
83085
26213
77109
58162
86934
80473
16348
1424
81749
6179
9349
61317
62887
52398
84017
65215
39477
96914
71835
29611
88581
29590
34368
25766
2558
76678
46742
74228
92365
51682
31051
65551
65525
26053
8912
37255
1328
47583
15458
31646
37256
97595
79621
100
70893
51787
36736
99456
416
72148
82091
37859
2257
72208
9666
57219
72197
54177
12956
58171
3089
32829
5569
41884
92739
33770
86960
5672
67281
57623
44848
12952
12858
87373
30981
66112
78740
25993
64417
33590
14962
52765
96693
37223
62222
17616
64261
20947
67080
9449
43943
80355
12151
16611
25054
71558
25951
44102
77874
39282
2510
18313
10544
34844
45707
64065
36872
81185
60981
26603
24578
7032
40299
24197
84610
16289
32502
60476
79800
26044
736
94950
98376
98095
57345
73871
21406
95537
30054
62629
84265
47287
78147
25586
48756
23110
7992
91670
6987
64566
41282
15553
3321
20236
