2999
89470
58912
92037
88250
88743
79776
73051
89811
93695
62463
62267
53437
53891
80522
78526
87506
54289
50312
83498
64012
61515
64497
89008
86312
95671
82294
64395
82086
85786
89612
88817
77509
80457
86320
82785
85516
81466
90186
68659
51123
77346
62650
92789
61975
84747
85669
64526
68627
64926
76426
80147
66850
55656
55095
79766
81247
89828
97245
53461
76760
94120
84390
64211
94386
80297
79395
66301
62837
76921
89732
78260
83649
93989
55355
57701
89371
89105
94232
75782
82365
90801
91068
98673
54403
58231
86140
57746
98323
97765
67376
70786
69203
50718
80493
62170
63805
96059
72023
74148
96514
88246
52940
65781
63374
99215
63531
80197
64642
59741
72213
72450
53353
96159
97690
73783
86638
58228
58232
70937
87899
73196
52669
53346
60600
71330
94316
71029
78112
92643
57840
72994
70256
60423
75700
72194
63965
64790
71570
96793
87685
52258
52425
72926
89731
70836
64193
88619
85368
52821
74306
78352
87681
75740
54021
66100
66206
67199
65210
61360
78211
80822
96032
54309
51086
78884
82214
73776
59200
62102
99966
73688
82652
93799
76172
93001
71755
93563
93549
53264
75423
90412
89773
99942
85420
80984
92802
58168
64785
87363
90422
80385
91263
75371
86274
95713
90697
93399
60151
86303
85407
84308
85516
53193
98692
85773
73669
93148
76572
52707
73289
60417
67344
52351
56937
75323
99483
74755
67300
91397
86603
63363
80372
58627
97454
57056
79387
55526
52952
97194
66476
90590
95074
53982
65614
86414
85954
50598
65609
61034
56874
82202
57475
66498
53228
80199
74163
61105
85709
86513
99001
75338
99246
69491
73277
61257
89103
75423
71088
57313
69507
99914
52549
97965
70388
86071
98937
61435
76651
74352
81626
55843
64909
73872
62716
50032
80890
89373
63904
68310
91607
77881
88672
55123
59124
71425
67589
56549
80380
57794
98867
91193
97062
91994
84193
54458
58404
72759
54500
71583
80098
92029
52191
99588
63523
57299
59877
78731
82385
80563
53270
98261
71990
83586
65165
75443
80933
72117
76814
67486
90588
57420
94846
50586
63915
71607
57290
98920
73388
58930
75229
89502
94949
92362
58783
58492
50101
89834
72258
94133
99347
79354
55735
78738
80680
88488
83625
52448
53735
73895
83173
89597
88443
59034
51799
56946
80366
91090
55170
88193
52441
56747
93054
73437
55413
81751
74311
69261
88144
75583
90270
80042
98190
94170
72091
74246
83118
92188
52290
67570
77629
73116
77534
83420
98438
78577
82597
89721
50723
54421
65488
82438
77598
76006
96482
50031
76861
59986
59151
85560
60997
74115
79744
55264
59616
68207
95876
62432
99355
53052
89015
88907
89486
69455
77342
51011
99262
61137
61726
86371
78953
68198
97189
56139
72010
95885
83729
98364
94845
78189
60039
99189
64873
99740
73988
55123
85800
67817
60796
52266
89135
83535
78856
90028
76662
87492
63396
59008
77655
55857
54759
65448
52013
91807
99002
88971
60369
85578
72866
50930
95255
91248
66362
69757
86587
51043
82427
60826
67678
72779
75046
84586
69514
87100
91839
62232
62333
89748
61814
73246
56262
63374
56300
50634
50825
55349
55788
65301
53073
54752
58638
54326
80877
88282
94977
98069
80341
65966
58162
55182
85184
81294
87979
95577
88106
69679
70815
89335
71141
61378
67181
60817
58576
66469
80204
64515
63573
85429
98192
83262
68590
93752
98467
52155
93607
84898
64459
93476
99092
69536
96144
87478
77007
94765
55687
68937
84390
86914
76947
66215
95927
75003
52384
67695
59950
93320
50881
77963
66838
97085
96617
63786
79513
94026
88973
50741
50918
91839
88888
75122
60396
99825
82908
92111
72400
81029
59293
94855
68941
76790
67227
77979
94726
71222
81528
71649
90594
62072
73814
53735
77223
88718
53050
63569
52982
90571
73389
67477
64113
70224
72975
94129
69215
76207
93128
73005
69098
71462
64694
52915
95109
85218
61208
74291
90368
58358
55113
95062
54076
51405
68369
68707
80497
54263
77373
95206
76737
52870
88118
94066
95292
84151
88002
75989
80750
65778
65832
85800
50879
91951
92798
85264
74282
83921
64403
73116
66783
64380
69522
71131
79333
70172
91503
69056
67037
79743
71887
93316
72477
82507
51407
50871
75064
88348
84850
85909
61917
66321
69142
76099
64921
98136
50734
97851
86219
57662
56719
79582
58596
94710
78601
92149
61482
69943
94832
83217
83214
69397
53789
81423
76702
60345
77538
53763
55105
97095
78142
78735
52251
81349
53601
72079
96738
55411
86949
65086
77701
86004
80561
67944
99351
96023
76192
61032
77838
54612
58117
56346
84074
94677
53647
89528
50804
59595
74551
90743
63360
67602
64321
60007
86267
73192
61437
69535
59349
73421
77089
88531
80904
90616
55354
78302
50359
58963
84703
71418
79377
51377
69765
62087
90141
68044
53326
63023
59971
80548
81682
51968
77501
99827
85915
80479
76219
54802
81402
79627
82322
60841
54852
65613
62552
54154
50772
66429
89519
64275
80143
61107
61402
77204
55749
89983
97250
92651
64533
82602
79371
83439
94242
52301
96907
58484
95513
97192
99238
57615
99848
92468
50485
85561
85345
71270
88654
68933
50547
70050
96194
68322
51289
73052
99985
66919
85287
90829
73983
68702
74107
62169
98298
65851
62062
64678
61948
64902
64793
80395
78680
63978
77391
66936
61117
67312
85283
50764
76068
67911
54682
79661
63645
98232
73568
88834
90599
80315
91622
71458
81858
81747
93854
50444
58219
54658
95675
92511
78867
55700
53432
83857
75310
53692
51472
90360
76126
55199
59105
91679
88869
95742
65605
83239
68134
95030
77972
52053
57577
82528
90185
76846
99301
50420
74295
79451
64614
98265
50484
67619
92090
76831
71980
98242
69327
65539
91627
62946
90259
84127
86056
65876
68933
79848
90433
61114
64637
95611
83263
87412
65629
50723
76866
73811
81322
71705
73799
90787
75191
74034
91584
94008
79128
87941
96045
84769
62521
59009
92731
60517
81710
61213
72729
91228
85554
84521
76232
65954
82238
51782
80124
71779
66859
84063
81476
50119
66933
88916
55281
95784
68697
83956
72787
88113
98732
67678
55395
70833
76030
50970
80472
56814
69039
91159
54678
91202
64894
95057
93988
67241
96295
60793
91380
56849
86660
70586
87491
71343
95500
98806
59244
67057
91537
88072
87368
78371
62652
65973
83395
51895
74916
53749
67709
81186
81426
74694
63794
61225
93395
63153
84524
97068
69713
69727
74862
54032
64284
88152
68704
81966
59450
85295
79122
99661
55815
71216
65348
73458
57225
86957
52196
73869
94895
80678
84107
90608
82647
91048
52977
56617
78181
59277
89953
70156
93455
57782
78650
81649
52979
60128
53251
95578
82158
89944
89552
65047
92040
51067
72304
55287
93891
59911
59310
84126
50614
91707
72783
78100
67256
50281
78727
66979
77298
60223
76787
95114
97858
56591
88512
71038
74815
89491
52981
74931
85723
69485
74845
90229
72417
74084
75196
51222
83141
50149
57398
74621
75069
61463
70531
81053
66655
90082
92033
54718
77706
67297
62899
91673
79494
87278
66926
59430
56049
76134
80696
97024
84567
96777
54234
55860
52728
72895
58506
97951
77360
99671
87126
88406
67288
99196
83450
79111
84474
55871
60054
51707
79007
53508
73726
68944
65685
65528
77082
89374
53823
63933
54418
75869
95567
53493
68052
72607
69788
60080
97071
92857
56533
64433
53064
70711
51560
90589
51664
77761
81202
96945
75577
68437
62506
61286
78246
57905
79894
59913
65322
55818
66111
62684
55760
62444
93911
78163
67317
89987
80997
90489
76544
64420
65735
74922
55683
66534
63983
65638
92964
68168
99790
51824
93975
72106
95856
95615
69337
52898
51885
61228
93282
93636
50596
56663
86941
65216
82586
83031
56725
68360
96111
69729
62255
58655
64726
88936
82525
72620
60983
73953
96895
85037
95084
91947
68224
77604
71922
80757
90795
90787
80998
52198
60943
53541
51162
89232
83674
56841
89193
81505
91567
87364
50568
50654
69966
59353
75697
67866
60954
85240
73689
59296
86154
91751
56887
73797
84050
75824
50106
92429
77520
74556
82774
67338
99147
75702
81273
93405
64169
87699
81845
52594
72192
93443
59224
79300
80753
73818
91875
99244
75359
70136
87313
89475
87246
60325
99313
97646
66183
78670
87432
73751
59805
65468
88283
65463
78061
50015
90697
80289
69566
56629
74230
61977
96178
95481
63834
81801
71539
68795
50231
54641
79187
66773
52024
73514
88488
60158
78703
68568
66075
60061
98518
89716
76176
59161
57129
55111
93064
56403
65142
64044
67383
98315
76730
95218
61433
89681
61281
90356
51018
89654
57439
62078
55991
62190
66450
89228
70342
57738
72942
67427
58447
52052
95689
77346
78191
74974
70137
99015
64731
88122
86316
72305
94650
61217
81855
76180
90083
58071
59846
83695
71205
52600
76858
80423
60998
86318
79383
66481
75185
79910
94025
57270
62568
87595
50630
80196
81791
79039
94257
69055
50501
79716
67506
60859
53471
77015
87188
50394
90530
90864
84589
87274
82934
95654
70479
96055
56945
65217
61063
84004
60250
71414
68619
77633
91218
84040
52156
73121
86365
94767
54444
78076
58635
68468
67614
84973
98530
87306
70784
94587
83132
67142
63979
98924
90415
95088
57286
94032
70188
91360
83096
60779
55730
54270
84187
79755
91681
62622
55695
86375
59134
86883
71391
78683
61555
68550
70288
94592
50395
93635
85827
97311
91952
71137
56566
99204
51652
57054
70522
76659
87676
95261
71676
66306
50999
95694
75188
71467
84843
71549
62623
90102
92257
58521
77360
72968
82921
89030
65479
73758
87677
56357
94902
88627
99744
68776
85999
80544
70748
82352
62438
73968
56757
86095
74284
69513
65999
69328
60619
88756
96068
94094
96883
99376
83696
81577
54534
87019
97627
57055
82988
67555
52787
51241
87394
68571
87824
55639
56630
50405
89177
74519
65223
97010
55697
59439
97020
79319
70074
71872
91866
69360
86421
98918
60815
92992
66832
71325
77135
93476
71401
68824
87544
55516
79838
70846
52150
75346
65082
78372
72150
52116
65317
78000
51461
87112
79368
90282
68764
56238
71035
60926
72903
87763
67295
76307
54692
64231
76196
76385
53165
76427
71918
68271
98441
81617
82025
59120
52243
53235
76411
60864
52894
95644
54635
62806
82382
94020
63028
91466
69834
60786
82920
53821
74639
87874
51300
51122
63310
57590
59634
87401
54082
72900
68941
51047
88817
59388
81159
99245
72754
64739
62301
54840
61658
74238
94200
84930
88841
84802
55952
65967
53355
79401
91654
91071
67352
52677
50620
60034
72747
75543
61419
72288
82938
63170
83153
61839
54503
60981
59031
52500
81474
61475
60916
63268
99156
86470
85296
62493
98859
84113
98628
94628
92037
79338
85537
55005
77051
83118
86260
88160
98603
76525
75572
68947
50653
77275
72418
76418
52906
87801
63513
74691
66673
51142
71865
63427
86382
61066
52458
68334
84901
72992
68173
60668
67892
92398
86835
91827
93550
92318
73632
81517
97366
59887
96772
90152
81739
93350
82965
85486
77374
66046
62595
61405
90423
57709
91069
63524
71443
62612
70344
67189
54431
69483
60727
76312
53161
94543
78528
54423
93582
83882
99262
78909
67169
77497
84985
73837
88940
50666
67699
81128
55305
99474
60141
79498
91870
52294
93711
68991
63103
54346
97873
98055
59720
81813
84687
81360
94381
50866
72030
62199
54425
85433
74815
50632
56075
57222
60162
71998
62138
58828
67308
96016
72106
60997
83464
81560
77549
66463
84584
59003
82132
63491
90094
68182
81035
88363
75015
94269
57320
67587
93321
64338
51926
91237
56573
83894
83734
79648
53814
95420
86300
91257
51356
72497
86237
81025
80766
55802
73898
77778
76377
97557
97646
95000
80482
86945
52775
94816
58542
62619
85453
67564
87182
58712
95728
61738
98369
93886
56184
66399
80442
84022
76889
92937
82534
53440
70555
75278
88950
68363
71917
61109
91760
98891
68536
57945
99269
81729
53865
87689
93784
99941
75724
98226
77933
83741
78718
72188
50000
87718
63389
57441
98066
58875
67369
90518
86323
93310
89375
58619
87029
70545
81598
71141
97388
94216
88951
63568
69100
50850
88782
80333
55615
52543
78140
74915
94058
54334
75050
50067
54925
50283
81283
77810
54954
82420
51089
60825
54650
73692
87171
77862
88249
61020
51376
82422
66036
90921
58351
81109
52826
56205
98336
63091
58273
90584
54595
61940
92813
86253
57038
53674
84776
98478
97623
59256
64795
64515
75143
60872
52185
98438
65554
69320
84233
50774
51091
63125
98669
66534
63255
99916
99622
87490
86912
76525
61639
89347
99707
61140
52444
85067
82507
80398
85915
64996
93180
79839
56897
96804
77605
94406
56233
97807
85540
78780
87396
60720
74143
70617
84364
61169
82451
93418
58613
78869
83042
79730
61046
55610
99253
94435
95271
50507
83452
53495
56586
58090
62713
92919
90933
55597
61546
97757
83906
74959
81991
90518
77490
65047
91684
51636
56400
58738
99095
51927
69748
79179
66778
63118
56491
64607
70563
78417
82362
62839
53861
91366
54770
55458
95505
97981
74677
99863
54742
65671
89464
89733
54023
54098
92244
54855
93245
95278
75004
50774
73453
54015
60889
81245
62795
94542
95673
76479
93151
57667
50596
79925
53022
94247
86443
69013
72182
77761
98856
56356
68006
51799
99879
51806
55552
73507
99149
58150
60573
80865
63704
83243
60481
87269
95750
62306
59756
52685
91119
74737
96151
55172
75989
73067
55346
97502
65030
76768
83164
52022
63762
60982
70768
72990
57284
85215
71318
82783
68814
85188
81494
64784
52489
62225
62528
88355
64117
62282
72369
63301
59466
66632
95501
80962
60401
88494
76835
67024
81173
90650
51104
57124
96687
92192
68875
77518
69767
99563
59598
53316
50627
84090
82005
64626
71944
65127
76224
99678
98783
90399
64922
87795
64622
95742
99703
61269
87998
85534
72565
80716
58628
80781
98245
98981
55099
56342
52529
84024
84535
55375
71266
53557
80237
95815
53234
95927
92030
53704
64283
79048
59907
90782
77164
65124
56144
57506
79463
69991
59444
68712
70064
71615
95933
64399
76384
94529
80630
96728
53742
51531
95433
71817
68565
57891
78756
92780
91788
58786
56826
74333
64952
80903
86754
64564
76830
92474
96412
99427
55375
62633
96924
68482
56871
90564
95557
81482
53828
70464
82607
76215
55838
75272
89791
55847
97615
84597
72780
54056
81594
74110
84825
51077
68012
74429
60388
70958
76998
67950
77101
68138
94977
75192
89752
73466
58685
74416
85308
74200
87332
79128
97196
72046
52414
64254
77885
96061
82814
51700
79190
58822
86234
58864
65680
92719
71918
68804
88681
54559
86835
78405
64397
89286
80780
53776
74127
99645
70243
77399
65162
69331
91070
88619
97935
58361
65213
67156
92274
69895
76802
77121
62805
57910
70793
80838
75528
92727
91327
51326
93185
64190
61557
68095
67957
98662
63325
76985
94574
52228
98087
77543
94102
97557
90240
98353
97790
95087
91323
64829
68329
96516
61482
97301
98571
80524
53546
61240
82396
61940
83812
97208
72439
52325
60678
50874
86277
69859
83631
67822
88109
52698
70685
94227
57521
96437
84706
66713
88762
51930
92728
89613
54406
93520
70783
97418
85133
90105
92723
98742
58768
57098
67992
63681
72067
56910
84672
74495
56897
93929
67425
62152
69139
71822
52603
96620
56358
92101
53768
66303
69089
72743
70548
84700
81645
82767
98564
83151
81034
54572
72669
72896
72642
54426
56295
83433
65785
59510
77341
59963
89381
53320
84621
71885
71954
63375
89172
57568
57198
93572
57537
86397
87054
65152
77541
70345
89613
88766
83754
50151
99095
71492
69369
71797
78148
94196
58565
98950
61327
58432
59921
58672
74694
84084
63979
68437
98791
55709
65298
90265
57305
91650
57659
87921
61840
97145
79652
64195
79814
75438
80673
70796
54532
97576
88035
76829
77178
99965
91647
76148
64367
67772
74228
51612
60660
87220
59222
52675
88144
77695
62115
96125
56859
54697
91997
98939
86913
64097
81022
64946
73869
95894
62587
53826
66304
77918
63190
66440
75118
58806
59538
88168
87564
88276
90630
75044
83600
80906
96276
62060
65879
97293
73666
84270
73765
55025
65879
60221
65071
60449
98278
95408
61226
97016
52109
87242
59652
72846
70304
82350
73813
60896
79346
62965
83030
60421
97867
74988
77733
84447
58161
68247
81281
52254
88766
96631
81767
66102
76470
99410
84518
96786
68738
68258
50565
75261
97083
59434
57680
75620
98924
68901
70809
87182
90329
73825
61453
74860
65411
70961
75998
69138
92384
87783
98551
75290
74580
63337
63256
91839
50417
82995
59091
80127
70875
95212
82175
62729
63195
54409
72059
95385
86019
61743
77395
92460
79589
70436
98017
54575
80074
68013
65041
86782
70104
60273
84815
99520
59275
93097
51693
52900
75152
76376
99341
57007
60716
59030
85764
52235
61912
62691
69248
77885
69925
84530
75423
86640
92639
82193
76645
64684
94173
54697
73052
67488
77308
95377
96822
68377
66916
68814
97643
83432
59857
92449
56982
81833
54933
80864
58314
95514
89870
72092
97080
98159
76608
56355
64696
81380
54270
56642
56371
70879
51327
87164
94798
72478
79358
50992
77386
75986
76282
51221
97566
73947
52957
68461
88309
89612
56395
54816
51214
95643
64907
81583
83551
64383
89747
74797
99077
69701
71574
84390
67962
74959
63683
88816
74948
65225
56273
98854
69988
64873
90886
74795
52851
54939
63952
93143
87005
59741
53608
66466
82704
83567
79282
79664
77165
90263
69981
95927
71732
61218
63598
95511
54304
61902
97128
51673
74347
67327
72904
97503
66140
86676
73459
90675
86606
80077
72923
94351
72315
66914
89572
71637
92493
57855
56782
57374
59536
50051
54446
66162
80902
58846
91024
97574
70102
60641
53702
70597
51688
68766
63899
69266
85366
53619
97314
79222
62514
90027
96368
52827
51488
86863
81083
59891
61239
87014
93991
82435
56114
96347
76148
54872
88589
91555
55324
71642
61739
54107
69773
84478
95320
89151
63972
89927
63437
95676
80353
85935
65400
64188
86942
97290
75368
78538
86117
92713
66365
71058
51467
69514
66038
62516
86692
82208
93930
67083
86267
86208
96424
59013
88679
98421
85503
94983
96949
58546
74155
59308
97855
64175
99642
59552
99967
78488
84494
61951
97734
87666
89549
67096
53910
57123
77444
93591
55853
88554
53089
95777
64777
64735
64504
88017
62996
56415
72034
89585
59095
82860
56613
89906
96280
95212
91350
67431
51682
69921
74063
92469
70756
74772
56978
74180
52429
99629
90640
51214
73708
62768
70420
56241
98610
93707
79734
57294
96341
98179
82111
70787
59224
79559
74408
97115
95728
95269
61585
72382
66810
70998
52176
75403
69032
85093
83814
93019
79724
57864
88805
92018
85458
65722
82346
79915
80952
51461
74630
58538
52323
58253
84288
57306
58831
84806
95407
60340
74736
80507
86488
66596
98197
89602
58142
95709
71064
71772
93498
66075
95656
54261
98427
89273
50554
85065
58918
68203
68803
89881
68445
73674
66167
57596
64119
51848
84431
55159
62113
57422
80124
73279
78630
97010
66035
85566
57827
61818
76907
52533
86915
77201
92821
92123
70271
87881
87861
84142
75080
98220
97408
92120
95510
79813
58486
70653
80413
61536
77279
79176
76836
74684
51764
97703
50510
97081
95236
69560
85657
96034
72309
65736
62678
78226
54044
70155
63998
65522
75093
87018
88837
94205
94240
59464
59561
55141
75245
53324
96843
50866
85937
77727
50757
96412
85519
61701
92779
78984
100
33345
86512
28576
68063
33013
12180
63231
18552
34482
65765
50
94224
19462
7090
43356
67572
82698
58577
88265
29279
47900
10581
74967
62661
53316
26282
33214
56790
51234
45130
83829
43604
58878
38013
35000
78755
3042
20880
480
81200
45031
79216
3799
23451
98427
46648
28966
72618
54764
91322
28602
20056
55911
23952
59444
68274
95729
50786
4265
40368
5506
55781
42695
98805
48073
25156
48229
89206
68875
47496
85610
49971
45862
2356
78198
1690
13607
29287
58426
54491
51133
48268
44015
84113
67167
26931
13361
75210
2823
15954
83694
62162
36467
74367
5313
70661
18995
94093
42597
92470
