2999
49435
88115
75105
49257
38164
15689
497
39522
1232
2660
55773
64405
92577
35056
70115
35699
74313
47304
78256
22293
69271
96144
93788
59184
97907
77380
42619
26932
13494
55610
3801
41640
40273
78672
92527
13796
15254
19565
52649
87516
41318
48019
16018
51539
53430
85405
16046
48446
47094
50745
52014
90893
96070
58526
73483
2182
63133
94252
7244
44589
8956
31961
29861
7493
76972
44719
5462
28475
44683
50366
46159
87408
21148
17507
83222
69611
18224
76703
75876
5299
30992
12242
82950
37743
92413
77124
67800
78788
66967
66646
56400
42521
54187
92993
90507
20483
95346
78082
89707
80922
81909
58897
9857
22419
14615
71324
92321
61283
23299
72569
83204
2416
24945
42025
12398
82335
10795
27233
69085
67727
28668
27846
58236
87598
27470
92990
53340
54522
37734
58365
17764
52822
61635
47344
16673
22534
7611
47683
92415
20697
52491
26356
22446
67074
71237
77907
83881
78863
90634
156
71222
98096
47852
15968
42814
21363
33391
42528
69051
57132
81402
95436
8136
49725
84773
55114
16580
55916
9805
5854
28553
70238
64056
24405
765
45608
22350
40786
86742
30377
97171
30323
25952
26981
28139
71141
8328
89420
55419
97074
77925
43356
11929
20354
85024
64986
54738
52075
28623
40083
99551
10603
89388
6304
87915
69565
29829
55378
66022
9657
44263
18914
60490
88524
26955
47723
18757
43628
26316
46856
86317
75177
77769
56171
29224
92206
74953
19386
47766
22222
10697
62108
81229
81915
40262
73885
69732
51935
72657
71506
87530
19691
98767
38623
13714
86258
7142
36279
39003
2776
36226
55871
10112
8177
81226
50817
30803
21700
9693
78433
50035
90940
99972
38076
27172
86889
35521
71221
93738
41523
48657
68769
57421
17810
72825
63986
73449
33961
10037
92433
36208
54279
3502
63745
71634
12528
50847
31305
38043
21247
22419
32717
77398
82024
66705
80156
19765
59519
39630
8604
56019
9382
90399
22459
48959
16755
84942
43024
96183
4607
5701
53911
14753
61434
49632
9488
81440
83865
63482
15965
4193
52324
46401
77505
87579
66722
37503
75012
10623
20519
66412
98467
82137
85760
4389
76846
8372
82436
90740
17160
35955
17204
80701
21423
37226
44454
45164
42060
88221
65239
54780
54205
41523
26164
43570
17639
69969
72694
75274
21584
35531
68879
3069
90433
80567
17530
82793
41745
94917
12348
45639
45839
14308
43006
38648
67948
20686
45969
57378
96801
58249
29146
12027
61264
17050
50634
63095
84141
59908
96385
5478
86527
54856
8601
46235
80772
84749
21253
92097
64258
67467
68056
16515
71962
11041
81574
16032
36680
98692
62591
32493
47533
29
19906
60848
71351
75212
93072
26363
97168
50127
46538
41083
4036
72106
33970
6942
18462
49178
20993
7354
21947
94965
51512
96149
97869
6344
89901
8490
52958
35451
98440
71889
18052
49518
74877
1585
92411
65188
62843
68324
73474
39720
76262
64327
10875
99596
25916
88369
5259
4932
86462
17190
70433
28697
65879
29459
69900
87114
22574
98058
27376
35110
90857
16228
88525
14892
50891
90721
56068
22247
28256
42754
10661
94945
18822
99270
20688
44086
23460
6240
29550
90936
17151
57565
18021
55036
43106
81484
25809
86610
32725
35618
83586
43637
25354
81104
79716
87988
9370
99628
67965
59128
57021
54560
59326
87247
1892
35479
25293
63878
29291
72897
8391
27717
49561
62649
27601
64490
57110
93199
27331
28380
18179
39088
71106
83896
1504
95227
52449
90454
95042
35575
6975
3109
67033
53178
30561
24519
57794
81137
2209
52204
53062
85301
15252
91570
37296
73326
41474
28433
64346
52485
57043
90042
66741
7220
43813
82087
82489
68436
48272
15795
97099
13400
77735
62779
58482
35725
4746
71083
3728
5876
58026
20001
43023
1865
2
93684
32173
51312
71781
86145
57801
12505
84866
30896
24582
76017
71292
16967
34151
14565
95685
53364
38143
97030
38490
5270
33500
95603
78358
77464
77013
24842
22724
23398
95924
78746
71546
52237
12218
64962
95607
70059
83775
14197
46964
1639
49438
2771
11537
48368
14702
77449
34704
2564
7801
32477
81283
63022
5459
65922
34410
78090
41364
75883
10672
2139
63457
59045
77149
35258
95429
35393
85556
15205
38071
85953
17405
19429
43343
52965
43869
32063
59986
31226
75033
96582
4483
95391
60955
76585
66060
64624
69684
26338
89162
94880
62606
53062
45866
35723
20878
72331
21174
16811
28415
35710
29306
44484
16290
622
71598
95407
16353
48167
85632
16868
86790
80737
3832
83495
24306
87281
31102
44280
84333
90087
80383
75045
24149
48516
28249
46996
37732
5633
44636
8513
73836
58055
16505
42589
63746
15536
84718
54037
53555
2672
66950
85479
24040
94878
14684
55209
99203
92456
39090
68656
31658
44720
28141
42191
73525
47775
98480
50228
51535
23862
42730
84642
85674
64284
69931
81495
30852
4610
44692
98020
68853
9842
86785
6465
92996
41758
44053
57723
19017
73370
85550
19684
33708
14122
24353
43184
27201
25923
70478
27175
8107
7134
3242
62857
65346
49233
44554
62135
67440
63621
72187
28783
50301
65975
98986
51593
10287
19326
2051
62134
16147
5051
68940
5375
81037
92364
25916
97996
41726
79052
42220
75319
59047
30092
78189
88085
91873
48086
57869
4272
81234
21706
42509
65423
49768
69709
85850
33290
13605
38750
51342
45479
15152
69273
24397
86356
23851
28233
70484
37396
15741
7895
42256
77249
67760
19265
57333
74527
89939
56708
1489
32261
20367
69382
95937
38120
63002
41168
49458
29742
6107
12360
781
31812
33020
60435
61790
64157
38915
96806
46733
17745
70721
37629
50811
34909
83412
68342
15119
85573
76202
6773
58022
65745
62206
93413
58193
19939
36091
74322
66295
94240
25559
72547
42591
51680
76171
71420
53513
65177
6065
88697
80195
22758
39143
98373
82864
85806
68938
45405
96338
99740
55084
82958
67128
95128
82907
2619
14734
16315
48895
63120
28453
50819
79664
51057
94700
5057
49647
16701
78676
49940
12136
84528
66988
30671
12296
35312
97089
92923
39483
86110
94699
75020
86286
58743
10514
4143
87913
65609
48208
51381
13930
69766
68856
83779
28322
7314
23158
48941
48192
38062
56345
14785
13833
48957
20754
7352
41507
92382
13301
54235
41505
64086
48171
42376
56311
60249
86891
40619
58293
56259
12775
84741
25784
76629
1426
9390
61364
55674
36283
9276
27126
18694
28133
23954
27604
73760
29521
77990
59430
51145
23473
99382
44901
19649
47316
9633
51425
64522
71766
84673
46272
96186
14784
10753
92273
45938
36411
31941
90694
98565
15245
67967
85288
36994
6106
55761
13973
40373
35236
93670
16067
15014
22397
95
92206
1495
23157
67985
86641
906
48849
24888
38902
23117
35036
21418
62713
91933
99794
81333
63769
18425
66828
99230
84791
33725
42190
94673
62016
5859
24954
49731
95658
11671
49656
99188
61584
48222
34284
4347
29710
45359
50404
10978
89697
44917
48486
98500
1056
22604
77290
13045
57308
24158
18451
22486
34470
53934
96220
54440
73568
87726
22568
47525
59196
8108
56379
69976
33784
73858
33600
44840
91281
72057
28084
48233
18849
86800
89847
60101
16917
45980
63200
74136
63929
83893
16211
19554
73377
78166
19590
59206
62292
18466
25331
94509
22346
1903
63209
18725
69256
32201
96709
79998
38394
70024
79328
84993
13402
41915
74352
30028
53327
26764
32111
85621
85816
97320
99929
49602
63561
95748
80284
92554
72840
59756
53857
54509
17647
81610
91250
89979
99128
32987
51398
8128
72200
17294
59263
52947
57285
1016
2662
47559
58786
50943
64528
12367
51851
26202
23215
13582
16401
5008
98422
88640
73504
42644
32733
55826
51018
53164
45430
70190
45482
29261
35613
19818
26514
39992
48855
12923
42473
28906
90451
61116
36598
19058
79318
56036
23303
89690
23079
29425
35056
9652
57648
52890
36508
64276
30570
23528
70634
94008
76758
58117
85197
40907
79293
47518
62803
15548
74375
79962
57671
30590
85268
22606
63996
90261
76458
27392
11799
91954
70166
56341
90313
49555
19365
50873
6188
73075
35757
99017
52772
77984
68447
69328
60060
97512
58522
84221
46820
27961
44681
65109
27170
3511
10919
10319
41514
14634
79076
75109
16531
13507
65981
16811
34948
57817
98833
59863
3216
36302
52165
21482
16551
88252
66642
84983
37843
95126
61772
32415
85012
81192
1138
14377
84181
94131
50929
21026
11807
1478
62888
34651
98774
74973
83966
1498
52977
94813
43436
29198
21746
1836
15174
8331
56160
98339
62701
38801
40572
24271
6809
91191
97013
10736
60099
13653
52734
21518
70612
26045
2482
66437
31178
64547
99662
98654
30127
73706
18621
89580
48396
14129
20359
95284
64963
61933
55013
73484
31923
98074
94526
14130
46686
47996
35893
95720
99543
34148
70592
91937
10512
86260
86200
10248
87819
44500
59167
32647
15251
90319
55090
26540
77911
60012
40126
74533
41509
90874
33192
88929
47309
57069
50253
29323
54432
40198
86447
27655
42292
34154
78314
71863
83711
75811
9291
28896
6178
89460
56671
9618
25791
54590
10757
72596
99568
50468
31284
21851
58313
92525
95157
64948
65977
88582
73302
76231
43619
98826
40981
93648
25926
60454
31552
2392
17642
43659
22248
11319
39956
49747
96131
49208
96273
6521
22929
76549
87542
27687
903
42135
21865
40120
61319
14726
25909
39194
39117
38752
45953
86722
39158
81660
92899
91453
85894
48301
56821
32162
79906
52123
71238
30867
83316
28953
65253
5689
43187
12860
59115
8225
16711
16058
74871
13203
29874
93887
24414
45807
85834
12046
37424
64192
48135
72161
50841
39941
35211
32602
79581
77440
221
75937
12442
71528
16713
23506
91640
69285
12754
31433
87791
44328
40473
85898
21699
9853
99005
40816
89960
36033
610
31746
30879
83384
23703
64812
40121
31483
90
62204
47587
37951
21331
82938
41807
59507
22149
89475
59473
45155
76830
27906
59056
21978
29685
38671
79894
56693
67300
32206
38084
94855
38773
42705
28608
97460
10368
76630
86743
46675
27089
98480
94248
53451
18618
69859
99716
92676
23095
71062
24282
85323
27490
25441
499
24182
14236
93805
28422
17248
3458
46532
89190
71191
3806
81245
24285
41426
60157
13119
359
18924
66095
62686
96641
6056
67610
89779
37158
81040
67485
82860
93868
13157
33076
40407
96157
76749
89434
17256
41229
83336
22162
60422
62855
34097
34984
88393
43078
31794
31136
43461
1786
83504
74484
43325
1130
74557
51810
35472
7849
94802
95289
97752
29615
51014
65596
66809
44967
7877
9293
34823
29600
76503
75577
51542
12249
82542
41042
73305
31528
90992
34663
20776
7761
98297
69308
64015
74752
42475
685
49388
55983
33690
34057
19703
16705
60466
66462
14709
61526
24093
48582
54111
93176
36575
68188
38075
39291
9051
63628
58300
5176
16780
98383
96866
25101
25348
17785
20067
41315
82233
42250
18654
97615
90311
12745
61835
40858
31765
40214
71237
69881
52167
45135
8217
14319
77427
91615
51374
39524
4866
61121
49935
48148
63573
7305
49931
65325
55413
51301
94635
50248
12626
16589
77545
99475
20216
84526
52239
22228
40095
11708
70677
11668
44700
45866
67524
82227
62998
84283
21175
9273
54436
50148
10021
70156
56364
73764
18151
23424
98632
21549
71426
25406
25197
15608
86453
21577
30470
39201
32700
70088
4228
14788
73007
37776
11658
53253
56959
94919
82077
86073
39475
93184
98062
61759
1750
88471
4524
8882
31910
57578
94839
54318
41047
87981
81862
44091
21812
75775
25945
45643
18794
71289
19102
82934
69553
73672
66968
24853
99741
60686
76690
19309
84388
27175
30324
15326
57217
10236
23544
37240
82605
47130
14627
1172
75349
52394
70430
56011
46693
43372
69617
22265
80065
49206
52940
29281
20419
12890
63417
15699
9344
72965
74296
71279
40405
95492
36659
10600
62717
6840
49188
2353
7075
61417
11836
60516
21051
23550
75585
58097
46651
55274
35711
40426
81039
33710
44492
6015
52546
23940
54736
74478
41848
40011
2491
11125
53532
28243
71448
50924
60461
47549
6692
80277
47939
87826
17252
40168
71775
53473
43176
80615
68562
65752
41358
42150
32759
39419
18976
58227
58801
97929
7160
69800
34361
98342
72291
89615
49988
90417
45945
52262
47354
13035
2931
34285
53361
65419
51681
28252
12592
84168
28535
33512
58908
71357
55844
25984
93384
222
21334
73954
15931
44637
61875
14887
26463
63502
89615
72595
78702
19288
80598
98986
90167
14852
85107
44847
73710
63614
26237
18125
7312
50668
89555
93671
27447
17423
4084
31975
13625
83133
40186
52319
57847
78785
68564
70145
82594
55318
73345
98889
53867
92276
61619
70241
72361
12723
57181
29207
96705
21791
44721
49220
44934
51030
22657
31469
96634
46879
85836
57358
97707
77320
85312
2520
49879
41947
22227
56786
21486
31390
72802
76623
98351
54403
35841
9336
72136
48817
98299
53853
48883
5154
1465
78972
11009
4521
88877
5667
87669
37390
16985
64962
82961
22892
67084
23233
89047
31903
13848
26897
12683
92600
45601
46639
12714
29118
74751
63270
27335
2048
3276
41343
95221
44283
42473
87600
97959
14338
33412
90124
88617
41694
61663
72696
38484
18423
94023
72878
79339
64493
15174
88609
6831
48971
43023
79073
62643
49787
99583
74538
87781
55281
97384
60012
42844
91372
14883
6231
41553
20024
26667
34036
80422
53351
99432
22541
84757
31555
27700
34390
14540
13370
55585
93648
40881
76127
57066
93876
91115
97617
88977
51668
59357
60079
12574
57218
20488
2086
3419
16710
93844
1567
5456
41428
62778
86175
69715
6701
15816
4304
20050
22810
6619
82219
70790
16298
57704
61814
72202
58378
52659
32434
57408
93855
92358
88169
79020
11999
70009
47727
36380
9437
58603
30756
89464
92872
59165
67852
42142
4222
31881
66983
23098
2811
76059
20964
26821
34484
32283
82840
18974
74569
6952
5722
17050
20886
32228
38790
48101
95929
78429
4657
17082
62901
81515
97600
49436
3915
61113
97569
70809
80853
74438
78946
97552
50202
84437
46735
76949
58547
18391
29498
19970
90728
45838
4734
34949
98054
72358
32042
45238
15299
77647
21405
51765
66799
58135
60614
46736
61443
46361
49385
68857
56234
77240
31772
71106
10228
59282
76672
40462
22576
40181
27628
66667
5085
40600
37539
39704
73447
64989
5564
71969
55802
9081
78491
46710
10563
96344
17176
46470
46512
84527
30953
65738
1553
96702
65563
59530
3585
71757
12599
5071
81840
25208
62643
48571
29192
33780
91286
41627
26603
92912
67503
47847
29802
34389
86213
87181
82614
48110
94858
26861
49061
51951
85785
41780
26627
45863
96776
77663
28788
27267
25325
62676
73047
61534
73039
93064
40736
8957
87505
29735
91622
81576
93371
68186
3655
2366
73804
3055
75082
1774
29402
316
97094
90385
96425
72478
80903
47606
17700
50705
50098
71402
38820
46159
94014
24757
23117
22723
78152
81126
63097
65536
84273
56242
33212
89410
83320
3079
63005
59671
37714
28751
10517
98440
98255
99676
23544
14051
47554
97559
81893
15011
89936
96540
5819
28530
15943
78506
80807
65949
83479
96611
16332
10248
55049
16293
8482
2128
83685
39525
12006
27464
27543
17025
53221
61794
63920
88209
10474
71239
80460
76059
31003
65511
28332
96012
17879
19390
93884
11634
60554
30580
99118
69623
76093
69194
89697
23233
74923
35904
79748
37032
38133
37006
14062
36223
43743
97585
8648
25358
35136
74108
44996
59229
81658
21427
6840
55141
75995
52083
65817
99367
5246
35912
34605
66544
22526
84009
86067
19491
67288
36127
15251
13942
465
30491
9387
88172
3770
6694
8585
45794
15078
8292
88957
12726
16652
12567
85524
66442
29048
40809
17617
70302
26008
62942
43023
21303
57610
18044
11991
10549
12649
48658
22311
8787
28418
5112
98349
13739
19995
72257
27300
26660
80228
19944
46810
77669
99312
19202
80318
81881
75299
65941
30679
41633
87115
14423
96184
57934
70577
99769
78238
28911
81041
28708
91065
19038
67555
73741
83042
5010
64941
9996
54043
36398
85717
58055
83081
86319
36543
70131
17759
5065
49601
35208
78356
29810
53857
71034
94319
58700
48517
92540
41943
80058
94136
48864
68219
80536
56501
43509
5573
37487
56348
58154
26252
92643
84833
89753
49410
7810
88234
92061
57632
97836
65708
54143
83805
54903
67296
23378
76750
46900
73999
32486
53717
68591
23620
7191
8120
6382
52927
20450
68347
89695
8505
18200
8067
76879
29681
98901
12233
43482
5385
62005
18413
83141
79077
62455
50825
99387
75846
74527
63553
11175
91499
47488
15777
32896
22950
67411
54950
62138
68780
70073
46370
8110
65691
75449
3913
7133
70133
59224
41214
72840
67251
2396
21726
79789
60635
5394
9943
33415
61116
33440
47472
44795
16516
83305
3347
29608
29530
84483
87828
74656
93507
88019
16090
10742
84382
84882
42020
13864
3574
51686
63644
39224
38735
68626
24372
48189
25626
83286
15238
90641
29731
86962
54832
64454
37878
55066
49359
80638
15259
35827
50521
63697
35824
14746
69055
20875
68410
60683
40282
24242
79538
50219
39059
79405
6416
11201
85157
47399
33850
45703
19487
64227
6200
62784
36980
76766
32729
44160
52707
60544
42220
79123
40757
19420
15865
3794
50630
13050
70663
2051
9149
34486
41612
62453
37257
46621
70421
32820
65715
52844
42037
81685
59321
75347
73832
7727
20615
75151
51930
59223
77031
39451
56495
68849
46791
5010
42619
19666
16534
57185
41370
18805
12731
92481
86013
49281
54014
51870
428
58700
38353
74629
18738
71315
6971
96583
72632
81084
93406
19810
42254
12620
24399
98000
97412
15095
29558
85319
72677
28146
60150
17537
54992
17966
8797
52252
41245
92381
8189
51713
91638
35038
5840
13708
71315
88538
77620
61977
80628
63633
93034
49761
69107
39222
10540
73121
52859
71634
50909
31870
31133
37744
12673
9945
74111
72883
39985
22582
6622
80827
18528
97899
59480
12767
59190
25642
93884
5254
87053
35433
42296
59633
66029
87918
43740
78680
51382
52316
76339
21954
8201
41413
64017
98105
82223
19315
80883
10794
80741
39247
61331
65568
44472
43322
3138
17578
9465
87487
16589
92768
2772
24666
15882
40747
77210
85810
80495
24397
2317
44205
20680
8193
1999
53757
35346
64918
47102
33959
77610
55950
83609
30823
78697
35862
61785
42694
45625
203
39362
98706
42718
72724
18070
3746
52881
57547
89067
25111
77144
90994
74811
6242
50314
82960
77879
33567
7611
26253
97473
12520
99875
57208
21719
40909
83278
76159
569
46613
46991
37987
67911
42345
89466
97166
21533
30069
95779
181
97815
17105
41835
23329
81347
3424
13947
5940
1476
23324
91952
44351
59462
82337
62211
59310
70693
39359
39593
42355
25673
32394
37824
52978
1615
19581
52485
16573
92470
86507
60963
64695
73310
39448
94691
38116
12869
34940
35553
60972
86835
94845
88539
77607
41889
84146
873
5255
7588
29587
36762
79056
38544
46427
57934
17116
64052
94472
79603
45775
77295
11229
22851
78908
91214
92395
54539
4804
26955
6160
71887
16905
68580
20075
91650
32110
24522
7763
67885
99393
69224
48840
58494
13575
41365
78788
48102
32981
77448
64761
77369
1480
69510
62358
37168
7853
11560
3580
30785
18745
65261
4492
70634
78835
78439
92431
22227
20431
38641
40582
88959
2861
0
