100
58422
48368
81778
86069
74626
2293
42585
67691
17952
63665
12087
79444
28715
23331
89604
21889
4548
58088
45537
70411
26519
59093
92128
6495
882
54037
74752
51076
34369
36583
55596
31953
6156
99864
45603
11150
56413
96098
89207
71549
94879
19424
71370
4758
47633
46129
60233
9985
92962
11602
72275
78661
64095
367
12488
19933
32310
77228
5896
35059
32283
96415
83187
3586
67439
22324
2987
27907
95168
73782
47044
14472
72521
21533
64852
66254
75766
6541
63772
42268
25628
60505
66737
87862
53703
22082
45224
4470
13395
2238
61834
223
3189
44075
92835
92714
16633
74963
47064
11507
0
