2999
36961
33299
65158
78713
97520
84643
88294
4217
45535
85248
72422
35973
37657
45097
88665
93576
34481
52502
17766
35703
33767
14209
11403
79576
60633
43366
327
73750
44940
14664
15848
22803
43743
63758
12560
68677
92497
95640
48405
16518
51992
29815
64489
50655
28563
4873
19672
12864
14210
12961
11333
101
72386
14838
22550
35918
66306
84093
68948
30208
8873
50911
49366
98296
39627
44295
32282
76076
74261
10638
61779
49687
84508
99160
50159
21590
2309
3552
53321
97197
98456
40879
73580
62226
87437
16732
64861
1521
92405
26819
49580
85216
34174
48923
73739
64431
93150
69772
76974
24990
50778
42043
38487
87461
7260
75913
80051
96036
83809
28614
62495
31577
87941
51052
6332
66162
26393
67502
52766
78310
50723
80273
60044
23386
33537
9942
27463
29777
82424
30920
48543
57343
10409
70119
9820
67065
53142
48559
64612
3743
60483
59614
65938
48522
15280
52566
8880
55680
716
69989
4855
60114
30732
78387
54439
76826
15469
17106
54663
59141
66932
57142
94275
2726
85499
68881
28884
31769
5725
62743
51944
37386
30552
25601
74373
99226
37719
24548
51203
19805
29643
66087
1654
57750
60410
70432
7165
3277
84825
64638
27270
38264
74011
27248
17703
81491
13096
74387
42694
15050
60752
65064
59333
34614
95874
83571
99979
74460
83030
4534
68104
1248
15332
73261
46856
94931
58473
76559
16865
8841
89695
44826
530
48264
20097
18366
85546
56917
75212
95240
6033
76971
15338
13889
97909
92368
56704
50543
53519
94955
60442
12566
89717
7133
92833
96942
86464
93191
47111
52430
3118
60916
19535
54024
23745
54743
68705
47185
78285
94514
81981
96606
18904
13534
612
85389
4011
80156
40286
73725
40759
17798
6216
9430
70484
59621
40757
54502
87679
84260
25384
27081
29036
65247
21463
1361
27925
66357
26848
93598
65877
28687
45285
18259
9626
48975
82982
18205
4293
45762
88021
57510
90543
91475
51149
90956
78661
1332
56991
39387
61760
92588
11191
86582
40044
84661
63923
1758
5567
79833
97464
52578
77814
7180
64469
29417
26194
48520
90535
82335
68586
89307
13812
95003
3464
82242
65720
65537
84129
99167
54185
17367
72482
75387
28078
18464
60581
18650
48210
34531
89850
70334
90476
10044
63184
99208
87914
14735
15587
18442
54343
85321
88576
26920
28970
23288
862
60698
3180
1028
85176
29822
76848
37138
86266
29815
76431
61221
97651
50846
81303
27461
36312
10610
83129
92424
26769
57550
35023
46295
89449
17574
50699
91033
83879
89087
67275
92702
34942
18499
94087
77766
2887
68045
63528
31022
28994
39339
99504
80603
98717
35451
6014
28588
61789
31795
52411
97641
39561
73453
41814
46
91405
25655
93675
84236
51884
89859
54551
63043
9736
2262
80823
83321
4413
1046
99826
91863
63634
16324
35128
50815
6212
39411
11039
29448
95791
8953
50523
37204
25014
74405
85385
85916
87542
96658
94809
47553
51480
12119
39758
78287
653
16760
90344
53128
55792
88703
6363
6112
61389
99187
99506
6105
65570
73193
16259
13942
15471
50568
75086
85987
42404
51240
41444
16330
56211
54551
53854
69587
10492
17517
70105
2727
58177
46521
22735
88825
7341
58662
67068
76074
88863
51226
85552
4932
91139
76187
52062
74421
88433
57297
89315
42598
71042
47789
3464
14874
10084
26691
9751
37923
84539
67549
59584
56751
56727
62556
57136
49015
19234
42383
71630
49996
86473
63266
40350
25486
55906
72014
44832
3652
27669
49040
60262
16288
80398
58566
46375
97310
66387
46419
20809
62614
64879
20353
64432
39767
85845
15780
9465
76314
63729
7940
72281
4743
80843
89584
93980
95690
48642
85714
1693
17341
65532
7061
26073
48711
81972
85082
64827
7244
87433
58008
93154
65739
8082
40934
48495
82804
76351
44651
58758
53894
13261
48197
63778
78021
91913
88763
74819
98987
67670
37138
2951
1426
42168
66360
93710
90161
33153
26658
93469
79003
92678
47712
54366
96911
47472
41149
58530
9213
55121
98777
89785
67066
11906
14642
90032
13445
59995
6665
47628
55612
16
79162
74340
51247
43103
92266
56740
7663
19097
82631
96190
89661
50906
61156
47295
24777
26346
44216
79298
91426
49872
6895
94552
50426
99539
52286
49536
59187
68057
62268
25292
66430
68380
93168
76776
12607
73020
45340
27276
66818
12826
34245
38960
50298
20428
63637
97429
57425
65103
20444
27592
47686
25846
23050
16921
51857
73236
2985
60715
66464
48014
54234
57558
19139
75189
632
91128
33770
32635
71870
21341
33039
34852
45622
90245
52532
73914
83881
77529
47046
90688
9438
38498
17858
13712
92702
99221
33163
45963
88913
41242
84485
83672
82658
44937
36165
8361
37086
69106
11175
59470
8516
30881
1205
62346
82152
57440
35987
56741
2826
31684
28683
96123
89599
13655
84435
36526
65660
69618
31056
96369
48919
29737
98511
49736
70283
84036
24125
71428
4379
46460
21696
76902
20802
85380
67592
6879
79829
7994
73708
70099
25216
346
59540
36824
6527
42911
95497
21072
95725
10236
34845
81580
37862
53789
20643
96000
60304
49694
24765
23755
33805
33156
24281
4476
99987
19924
36193
2006
64022
7864
7070
6444
68317
4000
9347
47253
48471
47988
11866
80294
59159
90569
41639
78392
56426
35765
91800
37565
41691
99252
35713
76880
21258
69677
95965
1394
75322
58605
21810
71608
90090
68566
2926
10243
62565
69991
42680
38276
63541
66310
74492
96813
75083
3737
42262
75015
49993
11333
74188
39060
83979
19836
77940
78124
80437
57443
81373
91754
22991
99227
2213
90820
13369
3924
22635
67041
95292
40813
86047
27870
83841
87701
90755
29461
92650
71405
93419
84102
36519
70786
40972
97280
1264
16192
16257
93966
25519
12364
63451
34352
75291
24742
4805
6070
1596
76718
25476
63739
23827
42492
6538
16790
69659
1144
76530
53229
14748
73106
59575
46155
94281
23742
66758
6948
98003
55251
6126
3985
22172
11370
92174
79644
30414
12681
27052
33283
89892
80168
29763
16045
67009
86121
33343
3136
39429
67119
9662
48551
93598
55477
15166
16754
31134
34317
83561
38954
76917
57014
25442
82549
16112
90227
48545
9110
66633
95354
45779
65419
93091
63719
70836
80266
32789
75715
4201
49998
37136
57888
26372
21508
59887
8172
13181
8509
71386
93137
37667
635
30268
93023
51112
11530
82355
26542
16916
37852
85141
54752
70836
79505
70282
32406
50830
74935
89230
95367
43166
14314
49881
34391
32208
55249
75523
27029
25599
33764
72786
50676
90538
16890
38485
99781
17947
79121
81584
65090
60322
60066
52245
60510
71971
84662
12037
80704
61742
64079
3743
92124
5628
89015
56350
62448
48764
57788
1436
87776
97312
42323
58559
650
81352
70305
59385
12684
81494
94125
27368
39530
10565
47556
49994
53904
28259
38883
8251
44233
39996
14021
27768
26275
11219
66767
23928
59656
98777
32278
5412
63334
43196
5151
52963
72750
44963
98923
63472
17894
48087
35360
64721
76091
82526
11398
16808
89066
47624
14894
67844
13052
59995
59745
32076
80142
90867
65292
89547
81075
32117
66247
84641
84883
10565
10757
3939
17605
75445
1326
5162
93817
27957
86281
63299
41618
59541
6689
90591
54206
56054
72345
98832
85706
65518
5204
7261
15073
41059
43769
70437
42800
21112
31522
9601
37524
1303
95490
68440
20240
65773
65572
59462
84153
43076
74923
19034
98877
14784
45021
77577
52208
68333
80887
61670
91548
26526
66162
18728
143
97125
45428
29792
12593
49077
40717
26604
92456
5967
49110
56868
34908
50013
44775
66247
99198
27831
90923
47889
18729
33645
68368
70117
21998
66924
79777
55003
75273
78364
27029
23999
83009
90465
47778
97987
9831
78376
45928
18574
29986
57650
6802
92958
54346
25923
10668
51699
64271
92980
75698
9392
55251
72140
88562
67864
61895
41786
32298
53103
10847
37706
87647
24159
89870
68557
23553
17851
11013
94430
56713
20816
66241
995
4784
11667
74967
80537
82653
63510
56794
42051
7786
37724
6770
17103
92943
51940
92277
64664
3453
61858
86789
56504
82003
5717
97782
24682
42510
43614
16003
10605
56299
59667
32311
39792
8915
29673
34036
91130
44499
18750
60427
28759
24794
10591
8427
70144
12006
67432
26708
3614
38863
34981
16719
34069
85077
36820
75176
19000
7252
68251
304
48055
95596
35906
56115
32199
83251
80699
61064
5098
26752
94075
91411
99749
52212
55988
57613
60858
3001
91666
18390
9172
69937
73698
57310
67290
74333
60964
95440
89965
93291
49897
56399
17603
58981
33377
40664
58315
33667
77894
282
44820
97459
71656
36623
82724
92334
98198
2029
65622
52614
18997
18166
79417
11024
7876
65249
6399
79235
97625
88411
73913
88822
9855
1795
34819
65193
32247
32923
8184
65015
75651
61717
45776
50404
35761
76132
87202
23689
28555
93867
60497
51267
53943
37550
98527
8077
81790
82146
58127
94055
98478
62449
13461
48320
24542
95506
7911
93189
52132
22273
62510
67312
37523
4685
98533
54568
66398
47675
77704
6960
42216
44911
73955
36969
26849
38812
76386
18916
15848
17632
49511
54313
1265
82993
26744
65095
41268
34189
66816
35113
44689
40450
76519
46540
68179
84143
40798
87837
4915
23273
35759
40130
86727
73012
72926
59891
17797
84890
97092
43738
80528
1016
46717
40147
54481
37136
36647
6734
97288
43588
31558
12309
91039
64154
45499
31766
64826
68412
32033
15583
71268
83036
52911
42958
48771
9204
45337
2147
16933
74371
2939
4215
50281
38132
69909
64032
51601
4688
5288
12118
47520
11331
76097
74076
58711
93032
13090
71019
67540
86310
44160
78130
23996
62686
97848
8754
45419
77023
33562
79396
3338
72144
72740
19511
12996
3993
67162
54042
87824
67697
95183
48515
36572
91404
11974
77219
84842
4319
9106
92408
11268
66877
91875
54540
3702
42774
55494
60592
16554
73030
69679
30766
50906
66400
2442
21708
17150
3471
92004
35277
57866
15998
54760
72592
10407
58026
18825
55542
21572
24407
77440
43884
48180
96158
17201
79994
23925
69290
43074
82188
50742
82476
8305
56757
69535
79175
71169
86191
6420
72990
83933
13482
48104
55445
95144
53097
44329
19119
34592
66496
20494
29216
98266
73672
24048
10783
38245
91624
94576
7559
17207
81796
35854
35784
10280
85953
16438
31274
81601
40671
98471
10186
59580
66559
42083
86953
86221
16351
88119
76325
35481
38562
40730
33742
22885
9889
53337
96380
87736
9540
65217
56288
86741
83632
45393
83189
14639
17621
88603
43085
20918
29464
72834
64272
42931
64211
61399
49009
35728
69329
53767
25295
55446
58713
78153
83778
41507
83478
2351
47136
69273
78353
87435
44726
14952
64064
48992
24302
96567
73946
92374
71871
68227
99195
22456
63062
33320
30815
87312
6367
4752
35773
36090
61785
85857
83119
78895
91382
80776
87172
14045
15383
73408
35024
47888
76495
10298
7841
41792
17306
16965
48767
66720
19791
5505
94107
5242
84896
35124
24612
90731
69893
88943
64637
93392
87236
11488
42423
85314
53741
43581
44499
53458
9881
86420
68680
83744
36264
73871
95556
86434
65938
98439
3927
82927
8729
46161
48951
85810
5149
47957
50287
6933
33470
6298
47882
80585
86178
41207
81826
15151
16904
45429
65
55395
59959
81945
32532
70609
7168
85659
4199
70461
52792
40635
6716
12678
73749
30450
85139
13490
47604
34954
41855
66092
54685
13584
39310
50984
85157
49100
67087
62268
82394
66581
5561
33971
78617
69384
26710
83122
94909
7131
58280
9145
68364
50639
52975
85496
34426
11105
37097
57470
74175
85431
88957
36887
6775
95176
80000
46548
24349
98668
28709
38201
48034
38553
27716
58318
58205
11749
61992
93254
44833
20504
75353
80920
86738
32277
79109
92449
58321
49154
66950
27979
20446
81839
39946
74476
10446
44876
50876
50711
46754
77482
40012
61467
97496
88949
8953
86111
16324
22795
19379
49625
63573
70668
14702
75669
34720
81020
59692
47805
27551
8563
25444
79455
20102
81057
94685
29381
40829
45614
69871
4510
61000
16196
47952
6031
82051
72118
65771
82667
94207
85713
50938
18864
31342
43820
67861
37688
64201
1367
76601
44934
68673
67866
29988
75544
81898
6799
61652
11255
16903
25826
92857
59209
9594
56457
14216
94162
48438
66465
32386
55520
6158
79397
19693
45045
60218
48189
63256
38240
74817
56490
31880
23970
66852
30489
52606
78852
8613
5797
72322
39375
98508
66277
845
89903
80888
93547
8021
108
2141
39911
37392
45592
85142
92423
9937
99801
4582
35419
22781
44417
76809
11883
91136
36184
32957
70972
74825
7865
64248
2481
47001
7120
79588
87724
42494
79231
79295
47445
74834
23845
71495
21973
90401
87320
68026
7642
33646
97752
7700
48004
84409
13336
65255
10773
66641
20774
76392
61384
17307
23586
8817
98510
4536
52462
77374
72096
52929
9815
72203
84622
77836
56966
2217
23628
3928
49469
56713
80541
13862
15816
65847
14117
89195
45450
64671
36180
74317
99749
65595
10413
45078
65973
41944
99891
60127
64385
58432
67439
62373
66239
74941
43279
14201
69787
96966
43320
22294
59974
80727
75144
22128
69099
43926
54709
21414
79971
26872
99545
57974
81788
32363
82602
24740
16141
20348
23264
17842
63008
40428
89626
25750
3281
55727
24160
76222
77431
72028
99319
90103
72105
20153
62541
75530
4908
9226
19379
36065
30564
26123
41389
19433
89384
20813
34717
39128
12332
8010
82253
25767
90392
55079
69827
50600
3041
81990
3685
97018
33281
28799
49920
97010
7856
92808
83319
87789
83650
92315
92965
29500
75457
95316
59715
57048
57197
160
85999
65404
26661
59839
90157
12993
1105
23358
70528
76620
10641
24689
58992
44916
69416
80123
18389
73115
22088
39526
83102
11557
21572
61801
14788
78910
79316
21727
72096
6740
49213
2275
63274
90315
65908
2010
26250
20267
49692
12182
85782
63884
66404
35314
32171
43815
13996
89144
78050
11175
19170
83466
23467
91283
25741
40768
25272
10460
63857
62945
87035
85468
1367
28129
74904
96023
49430
89663
69050
17226
90923
17399
2325
58061
82123
8039
29268
79732
14963
45729
37910
34299
18737
96862
7439
80097
96302
70178
94349
70295
58485
95799
30895
79062
39019
36983
3319
95882
38571
83990
64829
46688
52174
9532
48443
20708
33148
99808
37614
11254
14638
90794
34396
88447
19480
38413
45280
5401
25355
28230
51790
2023
2933
64498
74663
34572
39097
46699
47092
93195
40030
1556
56543
71348
292
33759
43126
85939
47634
71965
45989
23630
77050
54898
40586
22551
93345
42334
55753
92801
24849
17626
32765
28169
8193
12238
15686
82392
81702
12684
54802
59998
34971
86923
61561
66347
74300
60840
65886
12919
97998
79244
18699
56850
91138
75186
97916
9870
88175
85474
50437
305
79517
52270
11383
28705
56908
57767
30000
65501
98425
61925
5699
27945
20377
43769
65410
40230
24474
87863
70198
2763
952
24686
10504
13463
64602
91523
49341
67521
91724
89682
56832
97390
8065
91933
59329
50030
58527
96027
8467
41657
22598
23995
35145
94979
6002
79456
75634
92215
19631
86446
35394
97293
6757
61660
8799
66283
37653
70354
48166
40036
12936
42712
17892
10747
2755
51568
15303
63185
39944
98611
86619
4072
97961
33680
2419
11599
33839
32893
5379
50724
34228
60105
89517
35726
35117
38832
80999
63786
41553
59917
53880
35313
13834
80518
38414
78273
94999
38205
44805
41119
44744
45450
14292
19126
13265
69834
71809
53775
58074
46017
9459
93720
56906
99683
76182
2862
56002
28617
23017
59274
38032
77817
98582
98284
74313
26382
51141
65896
60093
87599
49577
85011
58432
94855
63484
18817
93704
75399
20439
52965
29903
39634
21716
11950
9074
17038
66532
52323
82032
79475
36601
11393
14931
27754
87860
96905
19781
99345
33873
44201
47125
91123
12141
35535
18674
44241
67646
70403
26486
25098
84705
10182
70536
66126
77703
6310
35303
110
18730
70061
87746
24545
62562
66811
50383
71382
92784
19878
60021
51150
60018
65261
42572
80309
85140
52757
43456
26264
58358
99414
67071
74313
29684
59686
76011
43119
56916
8687
20816
42034
59841
11328
77308
25913
37057
44286
55623
64581
50288
14293
60183
67661
17645
49004
35573
65622
6138
73952
64845
2712
99096
51108
780
8304
56795
983
81580
32165
76522
88313
70967
23188
37812
95893
73128
70303
59476
19489
44903
2785
41437
27792
6438
66727
15648
3561
77831
63378
24701
36851
94458
76749
21256
72939
60909
84603
87812
62949
56956
51838
50933
36882
15978
10403
62201
24657
58373
82196
53152
38114
5687
17919
83298
69387
57987
76160
63657
38041
55425
16645
11950
7409
80331
45577
23905
8979
43558
98158
11835
71986
63108
51138
71012
12300
48836
21278
61130
64215
2944
39185
10136
41378
75197
6515
80637
46153
71321
15632
3170
31424
48762
50674
87420
55186
17872
53126
33677
9721
86913
49326
86623
67446
37897
16871
58419
34958
99216
16103
71868
84812
74827
84096
22611
17817
76794
21450
57738
17154
76412
28086
1542
83323
73694
96444
98955
44121
67860
66026
3209
48298
67713
60525
77858
46297
52282
38368
33376
67229
52825
9093
82224
56416
84866
93114
50394
32240
90886
20157
76539
83395
61035
33617
33875
32590
61653
71392
26330
22714
60591
84614
33246
14554
48904
2746
71162
53345
45522
3359
33404
31974
41785
77272
95546
95941
20518
1228
27584
48793
90328
39093
96663
25328
51535
6316
69083
60831
25815
96149
57311
51711
85438
90453
94227
58489
95199
65716
98874
44265
15673
27671
41498
14188
32523
3411
63261
12183
92560
21205
76525
8438
55346
99530
69941
31982
51847
88450
56119
28536
98857
26288
11694
21803
73568
97453
58319
73189
69630
92704
21653
19828
3013
57549
6477
70591
17865
68720
48531
10822
25334
20236
75724
74931
63763
56067
46870
31049
32543
33511
45933
192
14742
55558
37391
4100
10157
93434
34020
24568
78194
815
57763
67867
23490
38412
2856
25519
57326
92021
69754
9261
46372
25239
91398
90807
23514
94009
73982
74492
5650
24439
60861
68194
92282
911
45349
8132
71948
56788
97147
28016
73272
1759
39241
39301
26708
74906
24058
61450
77874
28501
78553
31817
31633
75524
9370
36849
17467
98716
42534
46279
84168
20144
88976
82474
4706
52870
61636
94582
33634
67917
68731
8480
10531
98345
74127
59583
51469
62266
4342
57561
778
76604
58552
20939
77022
78855
8358
53779
25023
26612
21990
81815
64243
91663
1663
625
76281
97719
37859
66235
17348
83174
59787
42268
79617
8924
96143
4556
73999
12881
92159
6639
47931
36466
86335
33704
54158
98762
4306
8093
41462
20501
87071
56766
44767
33581
39251
44318
66398
6670
61952
66978
13990
28754
47921
56127
44223
30603
36005
92100
12706
74889
33661
48947
83294
81858
40746
84870
17767
18569
8614
83617
41266
62451
37689
91984
78704
13362
7765
14465
80436
26812
75259
76561
1971
7187
11397
34175
35969
22956
44293
43394
47495
66717
11164
10637
51467
13312
97084
17815
66353
20344
95184
60218
1397
94347
48313
44598
13817
20044
45965
86854
61305
20614
7475
52486
81550
18859
32314
56503
10055
45486
70181
45013
84812
58166
72851
15530
48040
84543
97892
79178
24873
50990
91985
2270
31011
62580
29135
860
67188
30494
79822
64703
99
27802
19174
63461
10455
24485
22345
32259
56756
39569
20536
54322
17398
89818
47966
34262
26288
64486
9611
57050
22760
96072
29875
4969
17454
65666
28594
73826
51398
22863
92006
42120
54461
68553
53543
74711
44970
6197
87818
29512
84084
89994
99900
95648
10494
73025
72215
70452
22630
82933
71216
73711
16755
56616
78896
63849
9535
15231
48896
8663
26080
72997
37409
80617
93669
44918
95683
67018
65759
16641
8560
48280
67759
38538
72305
83382
72402
48744
81896
36705
27679
14017
87934
7714
95899
6429
16365
76578
59109
36837
21941
24580
48164
60706
74178
28644
86104
5827
35704
31240
