3000
71121
56385
56079
64112
56904
67564
93189
58320
77013
72129
72709
96389
53867
71526
73334
97337
83157
78756
90738
52475
50635
77636
58027
64113
51946
99040
71152
79895
88644
80819
93770
73802
96734
82484
55674
67301
76407
64775
61977
63880
57592
64258
94408
95506
93014
89648
71609
51848
68960
92227
85486
76161
71765
86610
77246
76105
82092
75161
69731
63834
58699
95260
92314
56854
65877
50991
82211
54520
54532
90449
95759
85252
63455
91135
79118
99101
59766
86297
95747
92041
76500
84928
63458
83813
65484
58539
79834
69821
92761
89970
62652
69487
72967
95980
75531
65555
93899
73191
77479
72624
96723
96869
60065
73734
87980
69157
67507
55216
65430
94566
78746
84318
91269
66126
66038
67489
66825
53518
80697
78273
57836
79478
59287
58890
96333
73578
70706
71607
76179
73615
62596
56622
86095
54052
93816
90507
69865
68755
97197
64895
89127
70454
60799
83899
78840
78554
76254
73622
58254
98581
57444
74096
94419
98236
56271
74049
51059
75567
51777
57546
74182
59379
55481
79608
91359
63041
76495
87100
57662
68300
72452
76784
99707
88559
72004
69460
88826
54219
53448
59829
50547
68568
83948
52415
92448
70401
95887
70494
87331
66371
84472
73477
83097
90555
69358
93618
54761
53522
89038
61416
95463
55827
64702
55550
74441
99008
64923
89533
88502
85291
64462
65011
87700
99421
67765
96966
80404
80722
94168
63290
92042
70077
55143
89699
67182
93576
87741
66051
60058
51376
63166
77289
54470
99689
51880
92055
71139
54196
89384
54031
97733
93234
68857
61160
88638
51764
74042
96452
79636
89074
97324
99031
58748
68224
98318
86566
67239
97647
73752
69854
76053
66859
60704
95071
78181
80558
69607
51245
58305
60576
90330
51004
52268
50636
81150
50522
69264
79179
91210
55840
96651
95826
98113
75854
75056
91893
54321
86928
64241
91041
85181
97551
62229
80926
72189
87044
72410
60233
81574
54142
95947
91835
88648
99267
72694
56053
81611
51810
72366
54320
78074
76879
55462
72914
57421
95472
61781
74962
50269
99780
81863
80569
57102
92286
63892
85240
88922
61736
51758
97364
84846
53582
62559
93165
64910
73023
93756
57237
56267
90332
99725
71387
70357
56792
77311
54327
62536
66068
94601
62023
65828
85406
65748
71296
57133
85605
74399
60131
80689
50612
93209
84829
92919
93970
97564
79756
91900
51570
95859
91253
80042
68047
81815
81673
51043
97935
97933
60350
63685
58251
63065
97175
76726
71771
90894
86969
71938
74006
60709
79415
97929
74267
79158
90724
66955
84744
70175
53486
77949
52604
71885
64203
62700
84001
88318
82534
97727
69001
62582
79687
65388
62704
93605
83137
96380
82045
83779
57468
77511
95094
61447
84885
52577
82688
97538
97881
51540
94476
82733
63554
74625
84305
87465
75260
66044
54553
94380
79107
70479
85406
63864
66931
73607
57474
70546
92642
59728
89359
84330
88582
84268
84664
73160
86314
81959
53431
94719
55713
58733
80135
74590
70173
78244
76017
65434
66354
73881
65029
93683
65249
74826
99903
82294
56127
59829
65927
65916
51680
84423
86453
80950
69878
80928
61830
91597
79680
96026
89416
54136
77216
63315
53240
58923
61893
53700
53020
87806
61602
67203
52090
79785
84384
52601
51862
68149
54676
83392
74827
64813
78509
63414
88182
50389
79902
64469
97677
51108
69938
62252
70391
76158
54520
98173
59182
62982
71302
87221
91790
52255
85894
86951
50653
70576
80349
74200
67112
73591
59232
83850
55829
88328
95221
85473
59553
71278
81292
84974
70555
74102
66358
89765
93901
51104
57953
81000
72495
71732
92613
54437
81257
82059
52084
67081
93421
85034
87645
64703
55744
76052
62881
85818
61111
93710
99436
80263
65034
86771
88223
86472
59670
65773
52287
69424
61294
53351
55215
67496
94523
95820
92308
78712
86335
63381
71321
53368
70074
53787
53540
99855
64821
95454
76744
98531
53987
84319
93715
96141
89544
90325
95589
97574
64152
95077
90200
91382
72568
58618
52756
97199
94523
77059
68842
92240
94829
50997
53428
68403
80562
91895
79503
68869
59376
55632
52391
99480
58171
67424
77510
80890
81082
78012
61896
65696
85941
97245
85847
59701
73949
93906
95013
52926
68023
64779
90785
55687
82369
82719
67014
86450
77944
73051
50911
57982
99820
89293
98767
56718
81721
89590
84727
51836
75930
52182
63531
58711
72536
75833
59455
66388
61203
55208
87494
91657
99682
88442
86780
85349
78678
81160
60244
61583
89427
94447
80409
90493
62989
96939
71322
78267
67803
53314
79987
72723
71210
55611
84225
91712
94551
91813
91358
96883
99231
70747
77911
75519
62346
88795
93902
52300
69680
67570
66693
62759
67770
97674
99176
62783
80872
78913
79531
89890
84121
73570
52807
83751
59867
57234
74073
71211
50208
60492
67970
66839
54700
96016
62412
51533
90413
85161
64498
92503
53974
88305
52852
97169
66677
77212
72943
87646
77770
97585
54252
77690
74517
76659
63768
95440
92319
86350
51919
62446
88225
80667
74658
57670
94469
60942
77640
75867
63078
62629
88240
58486
89990
54592
68088
51338
67012
72274
92691
89756
56309
75019
55866
96104
55669
79064
75636
86673
87845
60370
89189
87749
90885
55582
83793
86021
55643
75687
86202
53804
52000
77803
72551
65164
52738
83454
98190
65402
61165
55673
54173
62246
68543
82866
79436
66381
92566
51144
60800
82154
78063
91386
59324
73992
64128
67676
77060
76815
77836
93298
75131
58416
56121
63416
82763
87741
61714
71899
51154
81760
61151
68031
54375
82995
55227
67154
62476
78549
63062
80978
89007
52374
68897
82637
52323
74934
95413
56768
56326
75942
58357
60583
50425
61841
51422
84299
73538
69939
98486
50250
88221
77261
98780
92586
70420
78459
56168
70970
52805
52742
57067
65213
84375
63487
80082
69769
78484
73313
74680
76207
50608
50615
61530
61299
98939
70807
53305
76916
93895
84304
51322
74960
59403
85353
91455
69696
51806
53993
63319
89851
64988
86183
79680
55669
85329
69772
76637
97730
86343
56404
78453
80881
74678
56419
64665
55260
73280
89307
93155
80026
57398
79146
93818
77351
50606
71085
61946
55405
77867
53327
67968
90757
93172
56331
69070
92000
67249
60762
85621
60369
89673
54455
92357
93253
87337
65230
97805
64201
72932
90479
83117
73893
99040
58632
53768
74971
92824
74317
99398
75989
57133
93631
50975
64395
50508
58463
50133
62361
54202
51654
56767
92990
81780
93363
65160
73253
92984
77490
63234
51362
53283
56069
90128
94165
83647
93818
94290
87214
52490
87074
97605
86096
78626
67083
66640
60311
76996
56906
56510
95586
71270
66781
75225
62643
62010
74732
89716
79144
92083
55554
58163
80285
77518
54025
61918
65728
50113
79138
80420
96372
99834
88250
95522
86485
81109
86404
68394
78083
88531
78293
63390
79150
87273
82999
97433
85114
93102
68956
53437
94073
93308
85135
97935
83561
52191
95547
60323
89249
90519
54534
70534
83924
71673
56727
99311
92739
86833
69652
91643
77395
77575
88659
80808
63034
63925
77257
77737
68925
79122
63597
77502
98415
76857
68858
74566
63372
81559
70123
95415
91838
75724
67369
73089
92774
85679
58550
70626
59944
53817
96932
96510
79362
88659
93323
52773
59360
52416
92794
53667
73782
74222
86116
79897
81464
58163
86929
85155
82074
75347
58359
63933
57723
76980
78474
93603
67695
56200
99499
64673
59070
92743
74723
96412
94394
63393
83619
96608
70626
51844
63101
59879
75105
97617
55325
92944
57416
81624
86252
71318
91135
74326
61519
63246
67381
98998
94487
57358
96860
98792
85286
69516
80966
90624
59979
84555
88099
85398
72650
98249
67178
99262
89252
75890
96769
88174
95413
92895
71202
54869
92524
84055
86176
64461
68236
52066
80773
73667
51023
83150
98148
60070
92734
96549
65759
90196
82911
81455
93561
88065
91893
80289
67938
57717
88046
50157
68860
98606
63824
94073
84988
66113
84887
77406
68193
98191
95520
98786
85110
91397
83420
51639
85186
71957
64043
82128
53274
97993
90825
81181
95467
82770
65544
97315
52068
67482
96998
95668
50226
65699
56091
99675
79034
79889
61425
87234
81407
56518
79300
70059
52494
74059
66577
97709
90247
65139
55398
91080
95516
99582
91010
93868
57056
61191
62380
78896
56494
83423
93854
91103
74260
54241
80862
79281
64949
78467
55519
61166
74622
95090
81608
76346
87432
63876
80322
56730
91666
91266
78032
89865
94870
80319
61368
96995
82437
94920
78652
73031
73240
93756
78673
85820
94172
67736
97861
83949
90159
67751
80443
99598
94707
78682
91312
57474
90053
85900
94325
65267
53814
90102
93906
74056
84351
99632
76648
61798
67927
80894
66293
50280
99597
99302
53077
68480
78387
87636
64938
83147
71405
97787
77861
92205
93908
68383
83744
57186
56698
96588
65623
86432
62399
85590
54304
66432
94554
67073
56924
61458
81130
89570
85727
99330
68638
83458
85665
58575
88639
74982
64613
95034
81492
56488
79653
97636
94522
71208
73759
80564
80474
76715
62903
57408
72239
96981
82244
87456
79732
69767
95901
92409
69813
78626
85704
72975
54116
72583
51736
79505
88382
56425
66974
50094
50577
93268
54094
78979
74012
79230
83419
76878
54936
74083
74884
64396
56733
85586
75709
99134
75108
79569
97898
57003
54380
58158
65316
70178
85048
93969
70865
56269
83812
50689
67200
52579
55993
60420
74323
80649
88614
64375
73992
76484
93008
82448
88613
52904
90779
73097
91178
75151
88774
90376
61988
51324
84083
54962
96082
94606
67857
72616
93572
69612
60924
91333
53881
97804
85305
62025
53680
81270
97920
55517
68025
82081
52792
73481
82183
74831
67473
92384
60542
75692
50323
94231
56260
89470
97390
92938
79995
56048
92682
82261
87665
78950
91504
72471
72987
61013
51055
77643
93747
98175
55338
56366
78885
64197
53240
90961
94851
97293
52150
97677
55832
80841
50209
91236
92814
63099
71061
59926
71283
97319
92241
67554
59243
67507
78539
60034
56558
69843
69451
83350
78527
61824
75246
75293
99143
97015
93920
86113
82438
69328
66894
96929
81351
88562
70082
88431
60684
91749
96578
78252
56077
94099
91315
50056
83364
76334
72883
81582
65800
92512
78756
94984
80129
63962
84483
60218
83351
97689
76869
90723
73546
67345
98888
50822
57964
86740
56370
61247
91730
67829
94678
58301
86601
75297
89938
72537
70514
58795
77270
61975
95210
90903
63351
54404
93631
54884
73751
53759
83375
84109
59487
62200
50313
89069
79318
79304
73333
50816
78874
73486
89612
63580
66943
70107
56513
88135
96548
81176
61885
94556
93496
61605
63225
77357
54395
66965
94574
84645
93814
72514
90439
97779
60990
96903
75360
55320
84580
80749
84867
75610
98170
50770
65837
52786
55580
50272
70135
94645
60416
82269
72925
72610
95471
78093
58240
62496
94845
64329
85580
59414
82092
91682
59149
66190
80232
85844
90068
73801
56382
77785
66652
69169
94703
73987
71515
87308
87071
93140
82118
64716
68203
71642
75991
68537
63412
92686
67957
55640
91607
77638
88225
87512
69542
71202
53657
92836
98201
62750
95201
93280
59281
55858
63756
88299
55410
94210
60856
82077
82584
55293
80313
97574
53026
82950
72387
83601
53151
61870
55063
53809
93332
70131
67501
88242
88042
65397
69483
58547
55415
91077
95479
85864
92425
71141
82524
57763
66949
91841
84348
61095
72573
85163
65585
68127
93546
86689
89817
93070
65153
77518
60867
64880
80679
54415
68462
60841
81033
60029
93145
53169
87451
80487
84628
70146
73816
54429
76975
89989
77691
84810
77954
62055
99622
74097
95348
58950
65416
66103
74572
84886
53132
59536
66151
56369
51810
67863
78430
76914
51968
75929
73289
51634
90843
66953
54200
73043
56847
51295
87243
90594
82114
98570
62459
61230
68346
88607
75016
50012
80094
56392
74296
60781
64991
74274
89913
88898
66941
81947
70370
91556
57652
65900
56583
85109
59710
91019
63228
78474
90983
85038
58849
89586
94871
50841
61937
52232
53500
53738
77498
75708
88928
68100
52351
50620
65861
88040
70524
85213
81692
59526
66373
64010
61063
61465
57730
55736
69425
62103
52724
54411
55821
98428
56449
66197
83070
52955
73115
96740
56549
58931
79152
57444
91806
89976
63170
60171
55642
83302
91022
72362
50792
51139
92458
93568
92236
99055
70290
66396
99384
89267
60232
56201
65722
81956
67408
99451
78074
70548
88707
82787
84262
66142
67936
61972
71243
70396
85016
72342
57611
69111
75167
64895
97452
60965
80237
67155
53942
72783
58381
79645
70009
92477
59275
60593
67942
69915
77994
51997
61385
65404
88702
69534
99422
88481
71598
92416
95061
80709
67812
62598
83662
86695
72748
67066
82499
79408
96821
97410
51259
62011
67769
62675
87671
85973
83062
98328
86056
79440
77680
56334
95350
98570
63133
80339
67624
78671
57912
57845
89364
92449
90659
91962
90427
86913
82963
91263
77090
72006
72887
51085
84248
87135
75763
59450
72842
73500
70189
94727
84914
65607
93061
65725
55014
63416
93883
81661
69814
64971
57644
74167
92983
84173
81727
70423
69886
60793
84547
70686
95452
68029
61144
58662
70268
62303
83384
88525
64423
71009
89839
82023
87060
66942
95615
79778
99802
90473
69678
59366
63111
66084
98484
81344
88860
51453
73258
99618
52097
60151
71724
57551
51932
76365
91932
60408
54493
99352
51867
55298
86377
92975
75696
70561
78136
87401
75893
84085
75308
60767
75234
81875
61482
72552
85937
85415
53176
90088
66902
74252
52983
87753
86827
63614
70115
52705
80383
93194
58913
95502
86667
91616
83618
60448
55019
73749
74541
63585
65929
82252
69877
84964
59985
70293
94897
50578
89355
90115
62799
99663
73479
94000
82777
81112
74615
60661
54840
84248
67666
95556
68715
53374
96876
86376
80901
97295
56769
81044
55705
72621
80548
53294
50992
97732
69756
88523
93490
67796
60916
66614
59357
73145
76917
62116
56291
93157
91616
58204
84723
71609
95284
95326
81207
72845
64767
85960
51832
81245
57298
65120
66148
99556
65358
64606
75242
69687
67643
82905
66804
97569
80495
58228
80866
93708
91846
71184
70533
56622
60477
74414
58204
60552
95030
53461
85765
99857
74527
83565
85353
62651
66145
68321
67194
86670
98812
81380
87662
83607
64671
55269
87368
74043
87829
53034
59121
80028
86412
57579
94852
56551
58797
60856
60837
68395
71851
73330
61447
59016
72400
52832
74926
51264
75322
65042
54981
86027
97082
83370
75704
71960
51375
76417
75924
69254
60082
99408
69915
58965
54038
52772
57024
85836
98075
86550
94408
55132
57999
67264
88050
92877
68454
77679
54013
87830
80316
83552
88048
81948
83426
55773
98579
87683
56639
71522
69757
67270
63274
90585
73348
58997
92676
80822
74647
53632
56766
61512
50775
90049
71153
55093
69098
82544
61485
55913
95214
53770
99614
83860
73551
55719
72868
80247
84414
68890
55750
95620
59370
96745
85828
90628
85900
99145
85992
84206
75757
86087
67244
89592
66445
72617
68822
79422
75144
68957
77265
87730
73047
71993
98911
95768
95429
75605
62366
72279
80743
60275
68249
87425
67901
54966
77514
78279
92803
64016
87049
73708
57269
62187
98928
98549
56030
80075
69081
56009
57571
96581
58302
95035
73695
87447
81591
87773
66081
86702
73053
83724
81514
52721
67607
50841
75459
59015
87990
95016
64392
81231
79587
87713
92541
93156
59218
83896
72931
58342
67279
61355
81204
59394
84520
88510
97072
66439
86892
63367
58500
95029
68427
83144
54387
62624
65746
90789
54559
71402
92330
57610
62794
97930
82442
61266
90558
53992
66429
68016
55750
88600
85925
74566
92544
67068
52277
64233
56226
52858
81571
99956
60935
69075
96671
73162
60922
90127
88829
93494
68593
65095
70505
93806
87609
81311
67398
74800
79089
83661
66233
66379
79868
90124
83409
67962
53251
89372
57333
99203
84635
67708
68351
68733
60943
67059
97819
79491
77049
92749
94111
93909
89479
69345
58482
68784
55653
75401
84470
84879
81017
80997
77915
82676
66545
57861
66983
77185
57781
66128
92720
62789
59750
51433
56210
77664
62020
82561
50321
50573
60508
93663
71087
59874
91142
99500
91466
88560
69597
79438
74928
62883
93630
98594
87507
88946
54658
52876
57038
62382
91524
70770
97431
50104
96053
55064
82332
84988
58109
83395
85784
94636
71499
98572
73866
61172
63869
73943
73055
58098
99036
67344
84872
62987
92090
92126
88585
56110
64102
97065
68863
52778
87559
74875
54415
97694
81989
64367
86522
56165
80046
52830
79075
92735
89734
73203
83923
72410
98060
58014
70402
53274
72659
99247
99685
68674
72671
93566
87895
61961
80754
88740
58528
75414
99442
92551
59644
60704
57380
91032
78871
90442
73796
51339
54526
93006
73988
70085
52012
99012
94415
93950
67315
67960
85041
60942
88489
67592
57310
94489
61143
65497
80500
59433
95572
98298
54092
50946
96797
85830
69326
52122
98954
80563
76511
90994
62244
55760
61224
87148
65252
85215
51715
87250
73744
55350
55881
85875
90280
71113
71138
73635
69726
92414
95992
89877
86198
57951
72312
85744
90907
70900
55880
85077
92681
55198
96289
95593
69129
53420
99032
72216
62814
72908
91726
62720
61095
70622
78101
62558
92135
55833
51184
82150
60493
98776
83987
95146
61766
91840
79435
85639
93516
86417
71819
78555
63362
96236
74474
61191
88678
61734
51437
74490
50699
84374
87342
60944
52776
67119
54658
55576
90924
85621
96934
74883
57636
62002
85025
53620
64124
71705
88801
93122
62890
58349
78175
97164
88401
62458
99806
77093
62238
87013
63239
75053
73213
50308
75789
98758
69535
74577
74678
92037
92460
59445
95307
91819
66363
56365
70976
73499
55650
87616
54459
72063
52297
62606
51971
96873
97415
93688
54905
99123
93945
94793
94598
59253
72330
85606
99873
99526
98033
59668
71773
97367
50672
92099
85225
60737
77997
64887
98632
73805
77879
92892
71967
88659
86727
77871
98004
80654
52462
63511
71858
54297
58532
71285
51265
98879
73783
78100
73357
94080
51923
70104
76991
92959
69225
86571
58293
63737
58056
77112
54406
72494
67275
98596
94223
70261
75983
78599
58599
88033
98895
74986
94342
98941
84042
50961
84349
90291
59556
92495
82916
75177
60277
83010
88161
97214
90368
79365
83906
69601
59649
69726
97423
67792
87106
69726
51256
87124
72838
54355
54450
77424
75835
86007
86428
64635
73899
77594
62610
64603
64093
86737
94944
91710
95584
89836
78098
97824
76771
77325
91093
80471
62027
73487
62195
53933
77910
60932
65810
98678
64450
79975
70818
97026
54821
93086
99636
57803
71827
72034
96537
76197
95050
93390
58144
50653
81934
60926
70649
89326
80200
80714
78742
91072
56578
97536
91835
76832
89620
69594
99675
55322
57854
58196
57366
57386
82862
61385
52790
55638
76956
83070
61937
80285
70634
67912
52451
61572
52933
73393
92006
86135
87416
63650
50588
96538
50999
76276
98112
93520
93848
58735
91439
89112
57646
50563
72314
85379
83047
69902
71478
55377
92954
98759
86845
99737
72259
75904
90340
56149
83891
57649
83671
71373
60792
95488
55655
75305
75928
84418
96171
62695
97039
59385
76148
83853
61852
98193
81679
87184
96655
95964
90332
74069
54121
72195
98452
65324
71807
97071
53530
83150
89937
98354
71768
60410
60318
54467
95021
51728
50691
52505
71873
66815
74916
97554
93381
98896
70031
55878
76838
99620
56254
95797
96856
70995
85416
69669
79377
84921
84331
65582
0
