100
43031
80929
1438
86310
59011
52303
16731
7408
25461
5454
54112
61439
56765
66633
87676
53522
46552
9455
70936
86172
25088
44134
86412
39238
48905
97268
12696
71913
31511
76801
70404
90803
44391
65050
17672
66384
94062
11318
64905
40533
63551
80270
93335
24289
87488
65301
35065
79148
26076
74884
86967
2648
52439
43377
89103
53604
20621
91667
62933
53329
60057
48647
46811
37928
95139
98055
28468
43353
45845
82777
1492
24769
20060
14367
34167
87903
4265
20850
61878
19064
28111
98398
32842
33715
38372
49277
3234
57709
12208
68266
91303
23828
12869
99725
22162
2278
78990
34895
63782
41457
1
22167
