2999
58683
16057
23774
84211
17756
99791
48030
48867
68706
18642
3127
8327
46952
37011
22320
14575
40119
40764
86242
48353
20371
80234
75413
1465
45071
77671
67563
55378
79731
88125
6558
6855
92417
90227
5130
78408
51468
99824
50586
16366
15918
58466
50664
46224
71043
12977
19582
56735
75736
79089
59593
82971
76797
84389
82294
92791
42316
51444
41872
87977
73483
72023
45173
18647
99370
23444
57546
69167
39673
80614
31477
65276
46831
23141
462
16935
98752
50302
84613
74715
49877
72393
38274
51755
82201
87700
27749
78500
99306
28618
96992
44351
67338
31036
97407
6205
13005
44859
48288
63461
26576
86589
20855
72329
6360
22351
92914
94875
63437
51661
90362
84183
71173
45107
7351
80565
87021
5895
74382
60402
50869
8311
76457
6401
59054
22392
52100
66631
9125
23713
76325
45345
12261
92498
44006
26609
80519
36067
94497
89060
94145
79571
64757
99130
51864
407
79943
66170
61964
24093
2735
36036
63747
53440
90093
93396
16379
90196
89210
90286
27788
77885
84577
65103
1472
76992
71498
59814
65712
65030
86314
35657
71546
23176
45819
78264
1635
96601
70215
54159
71713
32559
56816
34947
78369
99599
33988
71197
57420
96415
67215
155
33061
26510
45473
26041
51446
93729
52203
63732
78848
44265
72696
48446
38270
25165
80699
7085
19903
20338
96151
75307
57397
32583
47174
62270
18554
93563
96578
4957
65095
17055
763
13786
21168
11113
28610
39023
286
82620
75825
54927
18035
58592
81809
10268
19664
4669
52618
74896
57179
79022
98644
77471
42013
76995
41300
58661
3819
99227
88144
24325
44144
17818
55095
48926
56073
69632
38819
14646
47405
93873
92267
37711
83575
21830
82296
5751
93369
92517
52189
43227
27604
68402
36429
31041
29530
24340
10858
12652
52210
54473
47835
65734
38548
14344
50549
13831
56713
29167
58404
21329
56731
29124
42989
81588
16622
24882
95875
66473
88776
28855
86375
20904
64505
68252
45067
59392
96375
27602
36858
95572
64719
40367
74914
36178
34672
71196
55527
73364
74529
69699
82651
40245
12347
289
13791
33049
28853
69248
97700
38714
40422
75030
83172
34005
23596
85266
90229
81136
52383
50421
95793
59577
40139
71350
46837
7021
80809
85180
14015
38252
3356
58435
52571
52241
94357
92936
98255
21546
66957
78041
81406
52450
29392
60373
75552
92012
15091
81223
10901
50939
98467
9622
93965
370
73803
77635
93917
21463
41153
79097
83011
6037
76584
83414
19423
16490
51606
15330
25096
92869
39203
56720
83402
77122
59754
93062
88552
51055
14551
60738
23129
77638
62351
34710
64576
27165
22129
87261
52155
98583
5416
19124
65520
15075
47482
96989
49315
54283
8762
6385
89225
99780
35253
82238
33525
93747
92004
56699
97088
80762
35991
7527
39944
65669
12981
66191
14950
78515
10655
49521
37065
22183
99210
91061
44332
68067
82444
52358
17702
1670
84656
42395
1421
78550
93463
61262
61771
74029
62925
74307
4956
30153
69463
29780
58925
36928
47775
16561
90094
24343
42277
57436
62349
97843
66424
46683
46876
23545
29185
97558
61548
67269
40723
91706
25394
84832
94243
7752
25586
66432
74830
83678
57099
59504
20154
45512
31157
40139
31760
24851
11867
44091
99635
74697
47245
78268
66235
67508
15987
69446
86250
73533
22908
97137
47386
51270
38031
85289
24513
56571
60965
35723
32761
93422
12951
62324
15936
40625
26527
28223
36568
25640
48232
15557
87754
10027
68284
8059
91573
3595
99808
18234
41106
96597
99268
33833
19151
14140
82836
55140
14169
4415
84947
83474
89713
87761
87808
11798
33486
4112
40450
47160
19165
91721
51961
43434
79406
38518
84156
70355
92087
39009
28970
71213
11118
3956
60367
84311
6079
32177
87254
60326
74841
43650
52489
65887
29264
97763
10339
35006
93026
55441
22025
29424
39799
8379
35777
14442
5977
85538
32881
51153
96230
69033
68392
75711
4754
9103
60460
68142
95613
75192
86211
32549
90517
93133
15960
6872
32635
29513
33028
35409
95434
16494
59641
91950
65286
31293
52844
51006
94671
52334
56233
58597
18358
57663
8080
45951
69401
66682
77497
39626
19603
53549
76284
88045
98177
83512
17579
89273
23022
86571
96717
27257
18180
94287
43932
83765
40556
32260
77048
8069
76823
5418
37202
86940
50322
930
97777
24879
29019
89716
39374
3078
30423
7075
88574
53874
78004
81419
36567
68152
78301
62322
31775
70215
6577
78243
6782
42694
75859
93625
75134
99472
66397
19505
46329
11784
21538
94917
89051
42908
17469
31070
36033
45739
36601
58681
92234
50578
90457
7401
51411
77850
11885
2042
8357
3297
33492
92981
14458
47292
11384
81335
39986
27073
98249
34842
56833
10984
63795
41977
50188
69480
47330
86056
55543
95399
16284
18602
81854
65542
72421
43504
71782
72553
16583
51089
32985
28718
68754
26860
61777
33850
22792
62585
14706
43324
98949
33117
3742
66149
51490
30777
88495
5334
50826
97485
765
21867
8620
66012
81712
66709
5996
27409
49074
41741
1642
75889
6251
64265
53514
52050
9488
15551
59641
44829
66725
29594
40183
16690
23347
55239
76854
44595
89260
55329
59211
39790
90683
42550
62872
65045
51682
88638
68271
7097
94891
64305
26600
19846
92250
85842
75733
98932
81247
45993
57715
77791
85617
87264
78572
72135
36863
5107
92365
88683
96630
59947
21785
21225
20961
95299
80725
61216
2578
48681
16822
31343
77166
25765
80093
29957
40337
41215
34451
98758
83279
63407
81201
2694
13130
26614
49123
24890
70656
13700
85684
62434
48942
70683
52737
26419
56846
49274
60145
31555
14719
99603
66635
39357
89895
49395
62985
83644
60603
57929
79716
19926
36121
48736
37618
62747
90867
40413
48415
88218
606
17798
52890
1748
75454
70990
96833
9219
51465
60132
48797
68374
23655
39274
48184
62939
56148
59423
83946
47498
76797
78368
53861
53463
27997
57300
21595
84962
69555
52530
15496
72184
19141
79672
54838
11264
83467
37710
37088
20094
54245
83079
40799
98661
64347
66683
64878
87998
68875
83420
43697
87645
92109
72776
6277
50099
57441
68663
33412
60114
1521
89924
12775
74997
91412
63539
62919
99902
70738
61595
98227
58428
12476
89312
79109
21266
80058
76474
54810
8312
29774
30885
58580
24630
28370
27544
5196
5090
54270
57259
7863
22865
88153
22377
59825
41581
95639
97489
74953
74787
49038
83409
4908
82446
22642
34859
32160
33247
36529
85477
4388
70300
94905
67137
21075
87962
97907
53325
38578
90508
3248
25370
20530
1413
8784
9660
97300
58901
62875
77986
31881
10153
89016
92578
37506
55759
65898
68246
41449
71328
42102
9122
45970
84985
29576
77239
95740
48540
74414
43743
41104
652
32854
92920
91257
9825
46709
65165
18283
70360
28836
91150
33288
29688
40537
98174
65853
55689
48020
36637
57353
78498
45247
84657
85889
41967
52665
21932
13034
90773
82884
22357
21788
11109
44620
87378
23325
10013
84647
92734
73635
21109
6515
88824
77728
93633
27150
12305
59516
49211
63843
99639
34289
33732
34494
1512
12902
43521
35245
8747
33237
20850
74184
2218
12214
41614
67542
43137
52720
2871
57472
52999
20701
85606
87673
97387
46376
17197
8293
20489
5029
93865
3105
81559
6152
10958
18571
37220
50184
40239
77112
84507
41956
69284
72624
80053
23701
87997
24061
79827
99659
8360
53706
50341
14404
91131
24363
10512
56537
62761
16919
60120
3484
69946
99850
28621
20622
39066
64933
38880
7943
5733
14457
11735
38221
18033
33635
29086
73126
73544
98571
11256
68746
68601
65173
96850
80281
35180
62512
99983
7233
34944
29941
69949
14639
14199
61558
97601
969
25138
82614
63348
56580
33600
11346
19146
34372
92378
86466
11993
42606
5955
53496
66498
99432
24840
83051
45630
30532
97140
32224
35389
96253
1821
82130
83503
97742
39854
67905
59817
36114
31112
5108
6620
18026
39241
874
43201
56369
94130
69295
86494
50451
51446
42054
27161
2277
46440
66324
4949
20142
86191
3185
3196
57526
35491
32749
30381
8466
20831
64261
7748
78508
28434
43839
19740
82925
17309
15009
66957
44342
90840
60070
74203
49783
83521
76042
36708
2693
29812
83814
53550
57988
66372
65161
5105
73221
74420
28141
13664
66201
47035
26004
25338
16548
88415
98908
794
30429
56174
94417
25914
11418
32773
53076
32939
95868
89676
26003
64474
70965
74
73118
9064
150
47320
38952
83184
29728
83839
65344
7584
21286
87204
67629
87745
36244
37795
68290
24638
30761
57922
85260
43326
84471
59568
18455
15102
61863
98978
63478
13252
82973
93854
62953
15167
32971
43031
57309
33247
34778
24838
46357
9586
24340
76542
16036
58855
81503
40126
96391
58156
68036
82922
13733
46083
1961
43428
44917
70293
8761
34118
88553
85240
85152
14063
9499
27320
2210
52172
89987
35294
2123
29705
87440
83693
32512
55129
4437
30550
44446
80193
42773
51314
71861
56365
99255
54052
87187
96650
48750
98868
24821
84781
94933
99663
64103
71494
86247
39327
73345
77070
32633
98311
47807
85308
83254
62677
52210
55602
67145
19706
26095
71527
88311
15314
25816
5649
1394
48872
32662
48306
41344
77028
29923
15620
59655
37021
60996
73976
47611
68926
32455
16978
98613
40146
59496
39972
43169
97483
77714
58875
47896
59902
97581
77368
40711
48387
38867
25107
20009
97840
43243
31014
17163
33035
63597
51060
22501
42249
67449
45117
64274
33342
1916
6484
9932
80037
75969
68727
46659
90598
37318
74050
72884
11556
81427
29387
68723
67796
65579
78396
50177
34508
59924
79278
75953
68507
95391
18799
62776
82798
42025
64021
63749
99175
77864
97893
2989
66815
34027
66434
82113
79920
51002
73189
67964
8515
72982
30190
58218
34545
92787
66740
94345
7674
53169
70744
14247
42545
69185
34209
36450
32643
52362
32113
54456
31303
80092
40403
48483
61168
99692
41094
78626
80035
63368
91688
96396
12497
54536
88253
23793
2865
8926
46836
75433
455
2387
51836
64028
68469
37865
95174
82352
44160
11509
85047
69133
68771
207
13127
58963
39249
3387
83653
81448
51954
81929
62349
42140
71170
11891
50801
227
92533
44152
90394
63079
82342
15446
55442
58022
39378
4070
86730
45954
98934
72718
61201
69849
60955
95282
15552
43279
77619
99583
6360
65357
75776
40424
395
6035
98318
53402
38630
3957
54287
16413
71141
30281
84525
64282
88664
73898
24298
73969
26496
1577
38530
20420
21424
19538
40755
21178
93215
74733
22474
21925
96462
10096
28663
9105
16406
14732
89247
20267
1746
17277
50164
67030
55714
4574
29673
60945
89533
69320
72820
92984
54589
18753
40651
99548
49491
63073
51814
3109
75521
96630
88209
12349
64548
5553
57054
73719
65732
24693
11594
11169
14886
67908
1593
8643
42976
66437
66600
4427
63398
26002
36160
33929
59694
36368
86115
7088
84574
98109
478
42610
19640
45159
28453
50349
72507
92738
4603
29564
49246
32320
93337
90858
65083
98230
77659
73890
24895
41424
72286
18686
73365
14851
23840
21680
55125
11167
90586
45087
60510
54797
27667
85712
54567
29695
92640
86406
93197
22344
43631
71701
31889
99126
18446
53201
14550
9816
91798
75332
68690
66534
48138
90525
24155
17106
49094
57276
28433
72839
70968
99741
28683
41219
79900
10410
30462
45870
46131
45297
7836
33777
75898
33625
57633
46269
50053
96646
17983
81980
43957
66
3549
31280
42631
7864
95756
4065
76455
40054
4184
7581
29067
58314
52084
98546
18364
56400
86691
6139
42464
77117
44461
60830
28045
62645
61429
39678
44677
38610
26162
40653
28552
58576
20981
92854
62621
80865
93880
44678
7821
69459
83038
12411
81192
99364
9429
9486
97982
78302
44829
80710
34693
7750
4007
6493
39200
23463
5449
12405
87141
46179
29586
15453
62166
21181
85050
19377
34888
71154
53044
86228
85285
37445
64346
80303
91604
2507
95317
98129
32614
45594
73589
99568
79799
57248
67880
86049
59836
90545
83743
46046
70453
83595
62756
54554
26969
65234
78423
22239
93843
23071
44822
86901
91929
94909
71478
9990
95077
51786
22553
76953
89710
69403
84135
12404
84985
19878
87814
3169
8765
64667
97289
96408
6791
2638
77310
76396
99610
31394
29531
78581
34473
77950
22887
98742
45375
88005
10290
21156
62439
99555
85419
13465
56939
26263
8589
88156
19187
25078
24867
87793
23611
39616
40270
74634
28378
70128
19694
40599
82279
43325
37436
15162
85641
50513
44041
67205
71017
16056
43394
80696
77042
19100
22705
10712
78474
45230
41591
18324
27323
8519
76853
86454
65096
86261
41933
3827
32664
15870
60514
59273
30710
36065
54508
92042
62963
8910
7925
8904
33008
87507
31704
68580
44911
4074
24047
26533
36913
7054
39920
70035
26580
21849
75772
89171
34395
97726
46751
15051
87075
95706
52535
30809
35575
52752
43853
15996
68262
97044
12045
66256
61127
1169
28723
7225
43520
80689
51006
27397
22200
85203
95269
97255
36185
44292
397
54872
30219
81765
6975
83310
48075
15799
55049
70100
94395
61504
22498
80665
67597
30909
89760
20955
29449
27515
54336
98398
37352
75866
72246
75573
29460
64234
33400
96843
81127
96309
24424
21694
82392
41120
619
14736
95143
64415
64627
94557
4915
57816
29364
71323
44014
73436
56354
63874
3179
6425
13947
16300
81709
42863
13422
53897
85011
67879
72028
32619
30953
38758
32673
48168
78776
37076
43490
99948
60767
11971
77876
203
16741
8643
92911
58956
27889
34266
88451
54392
70858
35090
59496
58499
12316
32926
41263
65702
75634
14767
59879
33661
40655
59098
76655
68755
56397
55362
24333
33912
6288
54524
2291
32080
45752
11305
98581
95862
88176
31997
17930
88084
6132
98545
47002
95224
23097
99452
99099
96392
70928
63184
16046
70151
27276
95787
38639
46284
96899
21014
22445
45059
10655
31241
6142
35503
27455
26492
83152
77800
90000
15934
86434
29124
36141
51281
84833
6007
51729
12812
6462
99095
69519
63275
77366
62553
34379
52371
53870
41269
55916
60765
8572
45775
61756
95657
68602
83694
530
22209
58910
69286
56934
98055
32243
21527
19281
45014
12114
67079
98126
30801
92100
70154
49183
13414
73593
30550
85600
30182
202
72455
44923
6868
64197
70387
74629
95171
59743
98192
92899
55054
82798
9037
80796
27993
91478
18929
18766
58958
68177
69925
71916
45218
64439
11765
52533
4314
73194
14348
9846
69961
39047
87930
5266
99121
34746
55134
22166
67241
11886
6422
51867
17598
53561
210
46027
32932
48537
58804
42618
6198
36054
9537
13271
5273
47563
80268
44773
89692
70760
3439
24291
76771
3560
32217
59400
95805
71644
70102
52636
89422
82275
77068
19476
10802
69173
77015
29065
15687
89723
42131
8007
62992
59285
78631
65709
25666
81502
65012
86140
56458
56582
15434
93344
81106
17072
55404
93225
55308
84748
2899
73410
1596
49392
76724
51884
79772
73607
42275
9804
93762
49359
85285
92484
52439
88638
86746
47608
54271
73907
80682
63727
2752
87713
35587
52245
23227
10994
50252
64994
89093
83755
79945
85313
52247
4533
94553
60932
32210
33096
38696
39781
20230
74488
58518
36600
38132
64705
69465
47442
12236
83910
48479
82663
1706
19803
89331
77431
52982
15194
25672
47652
85138
88539
78228
37524
23003
23139
41371
78960
12866
12513
36499
19742
88140
1597
77552
14158
8601
29117
53393
39857
34510
65378
72439
78401
9114
31572
19419
67162
27013
77549
32683
2467
31157
44978
93850
90112
91250
92578
97728
60874
27332
90480
67329
25878
4082
45184
39896
8922
26384
82544
47184
70462
37326
95728
75025
28442
49803
31443
62463
54332
9409
50774
79771
59409
81547
57401
56677
89126
31405
68147
4226
11965
72605
98863
97272
63650
36210
10188
58851
30230
18372
11504
66208
8191
90867
86512
39345
55372
80496
10744
26782
43616
5719
95206
84723
55399
56723
34187
80435
7845
10818
32981
67355
78782
54261
98920
99302
79968
7829
56848
21599
92560
30221
85400
4627
1692
11686
79153
54421
78214
81422
8678
36010
7842
53989
30806
97906
16169
63625
79179
4591
36287
11549
91779
13992
60185
92769
12063
25852
58840
76700
69956
75375
4364
37989
43720
44479
81995
70037
35059
59967
76896
90923
1559
5655
98723
75703
13766
94783
2017
73553
17133
19474
92458
6196
14378
28945
22941
25044
69547
66058
43103
73364
11610
20715
56909
70870
34300
42360
82000
9121
27846
10628
22147
28344
20421
6941
56428
49062
4799
36445
4704
66126
24666
17067
57978
47809
76875
6816
80080
6638
1208
3170
16516
28480
33832
77600
16129
9372
52020
11374
26886
56267
16363
1130
45623
73999
51114
10392
72972
39004
18139
68245
93385
26707
46371
67945
64850
73088
68613
89577
31059
15917
87425
25957
62905
90469
16329
54631
92001
17852
1947
48948
5492
22468
85693
35664
64044
13014
11714
37489
88878
65747
55849
91784
66570
95901
82340
51169
84758
51236
98628
93184
82469
5672
2652
50254
84078
57489
11098
10231
79189
72830
11991
27887
22749
4417
44160
10216
43579
83839
87144
87519
29816
84964
57420
1517
94096
6328
68531
94267
66265
65342
61740
33336
66590
29617
30142
87145
34667
19716
9921
76377
65453
81607
90895
50515
19779
73594
56155
77933
51779
31745
33085
89306
83378
19881
47405
80404
52603
60007
21988
5381
51587
89503
47529
53033
81162
29778
2468
90905
94147
88680
6151
28214
45730
45285
11711
55520
1369
72831
18294
97554
68706
20853
73640
21809
5910
78110
70404
92082
99727
46086
15975
91792
15587
96006
20222
5735
81397
55617
84585
42531
59984
46361
52356
15352
78187
4997
31567
23792
30743
54686
13335
79503
45916
72773
71340
27413
85314
7556
35767
16381
86411
78489
50429
69778
66196
66500
43418
21598
50273
60624
69850
23610
35952
70510
14752
50339
79299
33176
72632
94512
1875
58708
63723
99184
19851
33632
26168
97096
57755
72936
1154
32864
50243
20386
13212
5122
98527
82637
15689
7652
50758
18774
40070
90397
39181
61594
88179
22634
55849
69140
77076
13246
79007
16862
14350
32414
96598
53258
1470
36816
36211
31095
97909
58129
50217
26944
24959
49704
60727
32031
65314
33227
81532
84181
52575
90808
37262
67660
84222
49428
93337
13025
61762
94017
4390
78007
73346
25775
6515
99358
9439
281
19234
17342
36798
89787
86714
18024
1614
89306
67808
61911
89264
43801
19069
33486
11282
94966
9331
93475
78145
53852
90941
95225
3837
49602
8710
96258
74517
57462
83043
25823
76248
5779
86818
24289
78291
47917
20039
3023
53439
67490
37055
18723
58545
20399
44252
27284
33860
95575
79676
74807
71615
96727
52254
96004
66158
44458
86577
97629
252
39071
16466
7878
26047
6839
40413
83825
88868
32105
31305
99146
60132
3669
45953
95239
89296
84363
48057
29374
65735
72243
83868
92223
25538
68321
76457
96028
40932
14118
18511
60938
21033
59685
40362
37169
45802
21400
36386
4978
60033
89149
69991
80440
84864
73433
19415
85111
2403
6740
92114
7462
80875
42501
46656
36101
36311
29063
54980
39407
44044
92041
47430
94853
90606
32977
68377
91136
43204
91868
17935
91966
27219
42201
98219
25891
38003
75777
52894
88173
94597
99982
1646
88027
17473
76284
38050
15827
11167
8473
66755
53649
26921
80596
39890
95746
6503
36915
1
91572
