3000
58682
87597
91428
53837
83582
84858
56455
75421
83204
91609
73710
55585
50377
63687
63608
81733
54242
84204
69774
93223
57420
76178
98423
63784
82241
54912
91215
89878
73818
72555
96364
69279
72879
76498
87316
59245
73081
80357
87251
77559
69323
82635
75641
83715
60752
73489
75626
93563
74493
84164
68658
83815
69830
86386
81675
84539
62381
60838
92524
52239
91351
74192
55235
58961
89599
71698
72277
64111
89268
77185
54676
74601
81174
96673
71855
83501
76916
76902
75104
69151
84237
79408
70754
67301
78413
80912
77656
99416
73516
77548
59374
77812
72818
66866
50478
54798
73437
78331
96131
83870
53475
62110
88325
67266
70142
72306
93015
50449
87603
54351
88958
55628
69708
71754
79075
59183
64244
66913
75554
98513
55207
66744
59685
54932
82356
67607
86545
56685
62181
53054
85304
68691
73227
71840
63703
96851
51283
77882
88032
64224
82803
62749
72480
65974
60118
54970
94099
99392
72191
81169
74568
93928
98622
72399
67682
53410
97773
72991
89679
95079
69385
57556
92949
64167
60878
93966
58126
75961
73907
99580
67937
89211
83317
74311
96168
90971
59170
68299
87997
84385
58345
60264
68106
89074
73697
82312
51944
86278
51804
80979
79405
82860
66822
77446
70153
95306
96005
84563
92258
93665
65602
93759
78525
65109
62823
53477
81894
98661
68080
69266
53196
86058
88428
65601
58969
62760
54382
94234
98332
78521
66775
94903
73655
64597
59989
80213
65735
64620
59011
89934
70954
64279
98278
57371
53890
92784
99652
71537
90612
51934
63638
82271
65024
96860
85041
91446
79300
57547
90142
62892
54595
84570
70725
86699
60074
97456
57470
68575
75687
80625
68958
80134
67655
53139
87886
82474
54175
61308
93813
87523
71164
50076
64079
73735
75180
54133
64769
97620
59551
81472
94749
67511
91833
55833
65671
89097
93277
93416
63516
77169
90162
70335
70426
72126
80913
52576
52283
89004
81773
69561
70092
98712
71473
64218
72508
79311
75761
57173
66283
90492
72757
76084
84071
67255
50825
96216
66676
67084
91398
88625
95108
89715
71146
84076
87657
90021
77981
69285
58622
88339
85284
59499
87916
63057
62055
89235
99068
84477
66406
76497
78051
99984
91710
66796
94098
78259
77137
94183
64517
69428
97051
86395
72436
63375
53272
57767
55603
79449
85632
93251
59483
59872
56875
78123
89237
97978
79037
95995
77554
82144
92533
93418
83883
60080
53121
96575
72297
59328
92226
74224
60765
99850
88619
81707
81729
56068
99041
50718
86449
67948
88408
58953
69377
68096
72942
92103
86768
65516
53286
77096
91830
61840
53060
63014
50832
54097
81580
66441
88311
77453
99372
82130
52051
90659
84000
78621
63419
82913
95806
63522
73170
95043
93835
62840
57989
68588
73138
68202
69921
53207
97719
79084
65681
76487
85200
53762
96601
72925
59966
71399
82859
69382
75707
70937
52564
54029
56916
75547
90316
57058
55975
57854
85905
63017
83918
84032
83002
98479
71747
63448
58426
80738
78820
56433
84025
51149
75570
89821
62468
73211
51009
80516
90401
59729
85989
58751
75165
58232
62644
99244
73073
79139
55963
80444
68762
85655
94529
87985
50820
69854
76719
77946
87532
60157
80459
63280
88965
50094
72795
90065
79500
97091
97074
53092
69574
81192
89481
80816
81228
87169
69588
76212
87257
71502
73593
79462
72646
76954
63601
84618
51068
84804
78946
77108
52584
62042
93276
62418
78130
62196
75462
98029
53150
77448
52415
95771
93950
85094
90907
77472
82306
67478
71072
81487
94646
85969
76585
77124
81290
69213
76040
58958
93224
54429
87820
52146
99049
76828
85908
61778
87245
97291
73034
78169
82261
99126
93163
70860
55588
80999
89677
72452
62469
74273
94846
59647
69039
50369
57548
68003
75830
78314
71564
87082
84094
99358
80625
93235
65678
66378
95909
83197
95079
68313
76644
63017
88842
93263
74485
68254
73354
58596
83193
54007
86807
54800
72670
78196
98761
95545
80847
92070
95392
90845
92345
56382
87165
92717
97025
60423
96729
92084
79285
90630
90658
77990
86501
50691
97192
72548
73781
70823
76355
89154
69778
77381
83489
71054
98586
55251
69794
84327
69449
60125
57146
58172
95037
53817
81227
91299
63118
51435
68244
80890
91260
90200
69393
55969
91348
54295
86126
85435
60682
90262
54883
53806
65561
63972
75138
75813
66087
65477
76409
51257
69048
90440
70580
64122
51363
63785
50541
71859
97805
88899
66546
90788
85685
53760
89094
60274
84963
72549
83919
94495
51218
76647
92367
51355
96177
84141
64270
56665
69034
94047
77324
65742
84922
62616
89550
63587
72595
87830
77589
86869
62612
66534
90407
63893
74919
51451
69741
91002
58347
71711
58840
80327
83313
67610
93501
96516
84966
80705
63749
70214
67743
89835
99746
82318
61181
98334
84497
67189
88898
56628
74687
75946
56664
92193
83008
78017
51370
87596
59810
89834
99797
93274
78253
84699
64910
51999
73045
63029
79425
66354
96304
77761
52449
92857
69585
71736
55098
83662
99951
63023
97584
68683
51131
69753
64306
71682
53893
84921
70200
74142
68801
83173
95738
78564
94408
63766
63664
54740
92874
51020
73536
63462
86674
89187
78506
76259
67112
57990
72076
78685
74376
60476
97863
50781
83189
84741
91524
78120
75985
53550
53339
65352
91993
82070
99695
73981
83079
92420
79484
61543
75535
84453
62961
75075
84396
50930
79293
80158
73629
51069
51904
85807
52623
76699
53411
62746
52149
93329
81600
57690
83736
86873
53249
50005
97757
62452
87556
77079
87798
52073
83521
56444
61102
93071
83762
72947
69396
91695
55659
70495
96620
58382
97111
97848
67598
72472
91353
91587
61935
63755
63609
69492
82936
52705
50607
86642
74928
92073
75788
55000
81977
93353
96952
55747
71870
74708
87043
50301
86783
83942
77708
52916
58759
68326
78289
77649
80959
89743
90638
84297
75397
87259
66752
93795
96246
80877
79935
73935
54625
73707
91061
70410
81895
53352
72241
54430
73721
83754
87282
78744
65512
98769
52685
53762
67516
88118
94524
91964
53450
78934
99659
68646
94954
64157
58156
96356
64198
81040
75609
58927
56713
58974
59721
56477
62647
69419
60292
68402
65266
85189
74425
53207
96999
77052
96956
57786
50062
99515
61356
63236
98132
74746
84530
91292
50906
86234
73657
69846
89048
73728
86277
67863
83647
89976
72184
84142
77374
79545
95553
77390
55895
79988
85967
88207
89330
56820
55304
55357
71090
79428
54549
68734
87694
52342
59708
85969
56660
80781
78551
65079
96874
80626
85828
87863
57619
86719
65008
53224
93345
88568
53064
90585
50372
53288
62992
93745
57795
93774
81614
72262
52995
83277
78889
51449
78854
53767
55595
90781
65674
78412
80366
80822
74148
77564
95106
94873
91436
63483
87661
52300
95189
85179
99339
65841
80266
72138
62122
90196
59374
62576
50336
75581
65678
63861
51598
88859
60375
96434
61891
81919
60003
76033
62657
54308
63739
71048
90761
56200
95425
52547
99421
56714
55748
75996
84948
72552
99989
84619
88092
99532
96389
68991
84052
81419
81614
69003
65589
96123
65859
56400
86772
64800
89256
60497
52811
63322
62480
70980
93857
59833
87596
72845
71228
61328
77074
53110
81682
72986
54703
54097
84481
80169
89757
74168
54514
92571
84005
54231
97150
75466
74937
90182
82484
54028
93310
61913
84475
92482
90730
99638
84342
51582
76013
99080
97219
57243
92605
98252
67302
98419
51255
70411
57595
59898
95930
97324
86527
75393
94059
85176
98522
71692
87796
65448
52995
62569
76246
91031
59017
75094
86913
53146
97874
67297
88130
55147
66294
67793
90260
60332
99022
77278
76379
89570
64885
84714
61659
96292
62744
55677
74305
64436
58598
90353
69576
97690
50771
98962
59981
88025
51279
77295
55628
91601
59308
68988
53077
91085
63986
90800
59364
71156
92706
64407
59083
87566
85537
78543
94904
67551
65175
61353
68392
87497
54125
99097
91181
85986
71332
67179
71114
72088
78472
88705
55294
87411
59018
85611
73744
51025
68138
78015
88355
72510
56023
98020
57839
93456
85104
79305
83112
84259
71199
61165
76442
53589
79884
50833
95696
84500
64965
90155
94967
88975
97680
82208
99129
85200
94342
58922
84545
89863
87031
54219
62893
51439
91503
87322
80305
57160
51018
97508
88521
75409
93495
61492
63134
55732
69389
93191
85619
95730
77560
90030
83111
52664
68051
59320
82252
80236
56703
52964
65754
95353
83001
88921
94058
75932
91610
86514
56611
81410
82353
82422
61534
98596
73350
78732
64239
95065
51522
78620
84873
92638
64937
60658
82455
89184
71611
98854
74239
58581
75442
57089
56690
62246
77331
63807
59130
69046
82746
72355
89765
83265
64539
56092
67918
85085
78578
68484
75843
59272
76021
85033
84337
92543
75314
64837
66560
75214
61628
62146
56469
54877
74011
86065
63140
90785
75531
56543
75404
64546
80126
77484
53510
68582
68942
97827
94326
78242
82111
90637
59155
60955
83489
50425
65702
79991
70463
75855
59288
84910
82433
67608
63216
70438
53187
68822
87372
82848
73235
60611
58641
53727
52942
96204
91548
87678
62168
83534
62704
89102
93479
78390
75278
50815
83978
98716
91896
95795
76023
64212
84771
78092
78406
50200
67814
61858
87439
68205
68764
72307
77687
69390
83167
88364
81613
57388
84008
65187
93298
57922
61783
71831
50904
53092
81351
76478
68528
85699
59767
52713
92204
73901
88395
74547
66765
97591
87566
69855
68596
62447
54241
79540
54100
94326
76961
77250
50583
72752
63073
86267
95805
95414
74246
88281
87545
54585
62903
93830
82385
86081
61149
82143
85524
81122
89871
94573
62937
81540
70565
83464
52268
94218
57944
64259
87692
54015
69790
62398
77400
55276
50470
75307
97152
58934
64067
81308
98517
89638
95248
64558
55846
73687
66961
59596
50657
60246
99200
83670
95725
76299
68259
53374
63096
62580
93095
67445
52015
57187
85066
67759
69456
59881
52835
87483
55555
72834
57403
98603
82607
87882
86318
77370
80749
66296
59516
53059
67409
67722
74211
97535
50710
88890
97244
95650
73734
51414
74958
52425
60330
85152
50971
91258
72464
76064
83469
97996
69361
91229
61830
56406
60169
91398
79890
81198
68334
70883
94125
70642
68008
52914
60779
84028
94370
74651
95231
84098
62045
59795
82057
68178
89467
82776
68493
57465
95346
73424
73445
82344
50726
93362
54316
90333
83204
54263
59740
69622
99197
71459
92449
79044
58150
96078
67495
65744
53005
66370
66956
77217
63337
85831
90925
85769
98415
86430
51629
55296
54310
68879
79514
61737
79046
76445
88356
68316
81534
63536
52616
85655
65699
56112
52301
97297
57875
75795
70726
98447
57861
95171
95261
86542
96616
99475
78933
57156
58785
90912
80102
92846
56108
58552
65902
81773
98177
99985
83310
59823
58526
64530
78871
50310
92819
85672
52920
53420
94044
78367
91739
52817
68713
51224
55287
77869
69290
67319
98578
89876
74742
56999
78289
96561
64458
61515
93348
96953
88764
63438
96075
53951
85305
93031
55623
65834
84038
79293
96227
89506
73991
69414
96168
72981
60026
84227
63524
83141
64757
61513
57160
73796
75051
63804
80424
58588
95844
54882
61780
54666
97849
76617
60230
68876
55072
75274
78597
60682
79091
54819
66184
67149
55498
72138
74570
54538
83992
61196
88269
73710
58806
58656
92803
84831
91152
65978
68587
76369
72672
72338
80316
84841
61874
57798
92684
86861
57677
77013
76781
98508
55264
70016
75950
58410
80525
62903
59301
65929
98637
86430
86934
97381
55036
71465
53679
51442
56633
83293
87693
50138
95012
68283
96738
63352
89588
53525
82813
53508
90696
61033
65113
87310
77830
68590
69086
83475
91526
70655
60525
70221
75650
98021
79740
54227
52595
51035
51821
97456
69996
91203
68115
52879
94138
65762
84722
62819
93936
53736
95479
74611
97654
97360
74347
65140
92822
71993
63804
85414
69408
92454
57476
99772
90693
98323
54609
93619
98671
90167
76612
52800
69931
66187
83829
60340
63398
96727
77173
91330
90994
86913
83255
72687
76406
94214
75127
82978
55797
96074
56445
53819
65832
77918
63827
59664
54442
90587
52634
73254
75918
99854
89335
95560
93554
81547
93828
99580
77659
98315
78936
99806
96106
90557
58034
70759
65682
54914
55931
51140
55754
53164
93088
50873
78867
58755
98929
68144
50742
74074
89824
89819
74923
50485
73817
53227
70266
65186
93956
81876
67757
56756
58792
94099
75653
70389
90124
53457
90465
98279
57679
58634
86009
69520
88951
87189
88276
97018
65598
94912
86789
52761
89247
86972
65667
76333
55358
75689
85518
67716
60678
79397
85996
97644
82533
76969
56343
80420
86221
55132
60043
70677
74757
57103
92025
50217
74606
58779
67383
71094
96406
84099
66797
59755
54028
73892
56774
78394
63682
97374
70326
62391
85726
58796
64750
72589
92276
77206
72152
53874
90331
88517
80863
54233
82909
50349
96495
58261
98177
70794
73620
69489
77052
77133
84740
67400
69646
98064
72336
73939
80708
55984
60281
81800
57990
60725
80468
73556
72822
77443
87949
79872
86524
73214
94774
72031
92509
56757
65377
58009
68062
98438
51596
77600
53039
94212
79790
93309
55080
87169
78095
69529
75033
97805
59659
91726
54191
99895
56268
93011
79337
52318
89360
85363
82407
62011
57419
89180
74562
77844
57933
89562
68637
53955
57732
91471
86900
76064
85811
87377
70166
52332
86439
90034
92139
81019
90280
96932
99460
62375
54187
81624
67975
69765
86269
65242
74844
70330
68081
78402
89162
95315
63313
76969
50437
50803
85132
61211
56775
72558
59756
90301
97908
97978
92613
56839
55756
85787
51958
56081
93850
51049
95934
57933
90973
53317
93740
83859
95115
62394
57789
72450
99809
67677
71783
55368
67696
82941
80607
96978
65491
75329
74666
91282
71374
68883
58629
73118
70009
92038
62702
84943
74316
72346
82216
92393
65269
77184
50152
85148
63816
51085
72634
57014
66302
71559
96933
78903
59856
89464
89369
53077
96285
72066
58077
66924
58827
51381
57053
62237
92957
64097
87515
82953
54364
82000
91255
76729
56021
71617
98330
75230
57075
58035
99252
98068
55972
75564
64756
59413
52046
56932
71264
82056
71857
87726
97861
82850
85490
66674
83678
83052
56824
69027
94897
87285
79812
79273
92324
98381
98009
94106
68964
51141
52048
61916
89317
59716
72804
88723
97422
51644
80709
83115
96457
73457
70208
56459
92948
57158
95942
60556
52307
52043
69184
73210
60456
79528
82476
92676
56372
76513
51948
75030
55473
50023
51453
61151
90687
96550
90123
56324
83621
53042
71862
64812
50573
85529
75476
68031
76129
71073
69366
63872
62439
57391
94525
73508
55042
87238
79012
95729
57467
95876
69720
66237
84831
89940
65573
80593
97109
86660
76620
70606
81547
64996
80679
89461
69598
54151
99775
73373
76167
59104
97239
51667
80147
71294
68880
78454
57194
89753
75589
81580
63619
77817
92096
69636
98561
91053
92919
82042
66074
59718
99672
67241
80499
57960
91519
59125
95821
98692
78257
97916
69941
63867
68854
73789
70357
59975
86535
69400
99244
99421
87295
61065
73668
55039
57733
73001
89359
95382
51972
52245
86146
85340
62297
66941
99784
94558
65965
72321
66063
81294
88210
68557
79861
63373
58829
80298
62704
76253
61852
72655
80579
75571
56000
75694
67834
80709
89179
96507
87059
64063
96972
73754
81642
60986
67446
87278
70816
90256
78542
62778
55624
65943
91409
83670
75347
88013
60869
54383
61585
94534
77349
51372
88055
86430
78873
50062
77783
80576
97391
60247
60400
62151
67566
61944
88718
82714
80751
71952
69704
67220
66313
83109
87374
96178
83093
91272
84232
72231
93116
96800
50285
95685
90141
60508
82509
67721
91349
53156
71028
57979
99874
64437
72822
60942
92966
56599
87445
93833
69126
95448
57068
78404
57707
77514
66320
80576
82589
59905
99669
71647
55079
67255
58933
64668
77393
87520
67155
90522
73197
84053
81534
98375
74492
65608
53058
69349
88275
98269
66446
61245
95679
64092
88629
63280
90350
97372
52282
91904
53411
74919
69825
93040
82831
81834
51997
93901
54180
70259
89509
94968
95921
56521
91875
91129
97077
66320
70997
54816
58655
84032
96292
90921
92484
58261
95893
53761
73138
98571
68415
65180
88544
63882
71423
59764
69409
94450
91036
92492
52033
77952
89379
94896
67152
65307
80486
79867
50475
62137
50392
58523
69430
93587
57340
71518
57693
98009
91412
50548
74189
75382
80310
55764
65208
83917
53209
65380
89454
91160
98567
78361
83602
97525
77466
72260
57461
71155
62054
96029
96261
74316
61863
62510
87207
68881
54707
80753
95207
95719
77680
64964
89406
59742
77544
55645
94084
89551
91778
99631
71248
95773
64375
89170
77204
60413
72800
86477
99755
60345
94044
74579
51940
63049
89857
65610
76988
61115
87332
81555
92913
87207
56162
70291
52503
56701
58164
91823
51905
62563
86249
61532
96574
76767
92439
86647
74419
59775
73173
50891
71165
71478
61019
58541
95860
51093
80583
53778
89085
80769
61252
78739
98170
52983
56071
66100
74845
87847
82612
56158
64715
77672
51369
97870
80442
93701
58500
63959
87041
93848
76248
88398
73966
72974
95519
60084
81650
91363
73319
94472
75147
76930
66990
87824
98672
84702
96079
99125
98408
56058
94226
88824
75514
69437
79884
68851
54020
65338
98559
56525
51550
59479
51461
62846
95042
58911
54796
87806
82355
85486
72958
97236
55848
88481
54738
95194
56835
63306
70645
81312
67749
93456
69376
98969
50159
75288
82518
95633
52311
75641
72346
72787
64991
51429
90404
75452
84777
95013
88368
92568
89942
97560
68933
77312
78646
95179
59535
55264
59835
60038
85891
68705
78708
55133
54302
89113
51729
90670
52773
96779
60516
60606
97804
66124
55150
93654
63405
63449
92695
54105
50701
71668
56270
63712
78206
84910
95182
56629
68056
89128
77231
71336
90374
83837
92229
85257
57549
70522
51279
75257
65461
84317
69800
61096
66593
56490
88886
76725
95764
87208
62317
58936
50524
98737
70464
95145
82877
62772
64100
67678
96260
51483
63842
79358
79464
70938
57977
85430
75037
62836
80328
72842
79927
90170
89661
66112
63040
63429
72058
62970
64048
89641
53878
96612
82764
58525
95057
61897
88623
77770
75394
69418
69652
56774
56097
58298
64930
85387
72672
99241
51631
72489
54621
67187
71411
64447
79081
61177
71812
58894
77148
99369
58696
99485
89184
72493
60687
61957
74648
61752
96091
77812
61289
79942
59685
86552
54351
96281
63048
81972
96831
58731
99377
89322
70347
94977
64926
52464
89933
92000
73014
88877
61709
83225
95023
94982
70400
74434
62676
87519
56565
78369
74845
70020
52300
96452
61660
90373
96686
79888
95818
93830
75460
56924
52963
81605
62674
75306
91807
95888
94737
98607
65158
75070
55608
69884
86885
68169
77074
76041
96993
83932
54690
93081
70021
72918
86378
87083
80422
74353
57466
56488
82922
68896
71486
51576
71743
91575
51585
88643
85814
78065
83626
86952
52877
85652
52324
67949
53620
75894
93124
76273
67430
56084
92705
90953
83831
97002
91876
57128
59898
62703
87690
86333
82814
66551
85541
88230
74225
77644
52795
58073
90753
99629
75893
70016
75415
93770
96101
80122
50745
67553
76690
56298
92779
72390
53956
99771
57918
82956
51100
83338
64715
69802
83128
97884
65726
98748
88112
57534
65532
94103
73898
53569
98187
63959
68357
88411
69519
89208
87571
63227
62846
86363
95033
51108
75127
53618
1
70479
