101
19355
32450
71466
75880
22668
96130
46504
53340
71047
92448
38848
21959
31880
34317
70992
96704
22173
93277
53563
85135
46072
84452
20400
5578
16741
19745
78651
45078
17691
11915
18905
5761
48750
40674
92635
95826
80831
2747
24684
92246
29213
85535
48685
76012
70076
50358
15582
28778
95436
33265
96290
70537
54625
73339
24373
81303
68950
61236
88343
72830
65382
782
85054
84021
74461
78879
82610
3505
65046
30502
76827
21930
39019
59288
73914
64341
42215
75746
31060
19078
74613
94067
86789
62912
47078
67884
87525
51449
16119
1031
93968
56340
46776
20047
95882
30918
57194
66761
81738
6121
43619
10
42771
52154
65634
80040
68320
93460
96028
98097
48984
919
