3000
83726
64101
57573
91194
14032
98139
44087
70204
47716
58880
19469
32644
5557
50446
92088
66654
64466
87553
63745
41333
58646
74489
21847
50440
40404
26218
40610
71490
58917
67383
99085
14508
71405
63704
23372
39605
81086
49510
73681
94530
38040
52563
69137
60744
41177
19049
84096
24310
34313
34849
56385
4019
2100
80557
22312
12302
35021
76172
90754
98894
89111
40544
19817
17481
33450
5845
97367
36941
23097
86285
36292
52516
34271
28151
15788
69926
80207
78133
98908
33243
93431
11424
78466
32276
70407
63312
91357
77811
93179
57749
15419
95398
37569
47064
5410
51172
96273
24584
85266
1956
46837
59321
27597
1735
91076
21839
36765
87054
95361
72690
41597
62793
54467
58369
73037
10900
32527
58819
40912
47375
93988
97174
22693
60581
24974
3539
70676
1572
38569
24972
14400
50450
68537
2290
92533
65369
60233
81919
68075
10679
29610
65640
77289
130
3686
70228
29263
87746
41553
59339
99551
46495
12910
19721
78018
24046
77287
16279
77305
8230
77665
21816
93687
9241
3954
14321
54610
95409
74444
50215
27259
45589
49344
89742
89642
748
3586
55415
4614
67210
31922
3588
88617
92536
76739
8146
33878
79746
14682
44192
96378
18621
69370
14815
18934
67773
11386
11363
2040
1334
85990
86220
36581
84565
5651
32535
831
69296
34096
49696
9923
49603
18205
23624
34184
91829
18861
72711
42921
75671
71973
52219
55766
91988
73288
926
33854
73410
45011
73372
32784
79442
45390
19035
44413
69327
10314
84626
11735
2621
71674
48961
83326
30717
18662
74179
88448
9663
12143
87726
71786
92603
42053
71336
33364
57489
96813
77468
77815
35616
35690
20190
96799
90579
89396
47832
22528
65703
42460
63615
71010
28459
14785
50613
38833
50366
27027
15098
95862
61930
65662
88640
28583
24169
54348
35458
30055
68661
42798
18574
56784
394
21790
33753
47785
95008
85225
64337
36712
65182
17771
46170
67689
44740
16811
73233
30217
30575
58183
42832
21708
14129
76276
89338
25782
76398
39087
49624
16468
54656
80234
3539
62304
98334
42438
23533
1741
19502
90426
44009
47546
80455
66096
8131
12764
37846
85368
23072
35518
21455
3216
11280
37092
97170
50488
56838
83307
29682
66772
5583
42388
37557
1195
58863
17658
3519
19502
73917
31898
70138
60346
58138
48244
90128
13952
50735
72161
95127
8481
83553
43391
66059
83045
75738
41162
72455
7731
95470
12854
47239
35789
42462
43354
73450
32432
7613
82702
62973
34937
73196
64004
64785
81233
31573
37233
58463
27825
27178
14465
90666
71253
18118
67061
6000
69542
14004
28403
83253
14503
80372
94708
88099
91701
59344
82140
49298
25929
60043
47948
5476
16003
17870
37599
4508
24057
74799
52272
7284
30043
37592
9272
47322
63816
89607
66419
60680
37364
903
49913
55952
94843
21956
34391
64930
93401
82227
71661
67866
64897
51269
94567
36073
26607
92269
86866
68953
34344
71760
63590
22523
77568
92860
13721
51768
48982
90640
75083
98901
3639
34425
30508
54999
15039
52024
81405
7237
40477
57116
36338
33867
58440
69924
98614
69052
68101
57094
21973
81687
68853
97602
94561
72814
30918
50724
2634
82646
67474
8504
91626
97870
78100
4949
86798
34888
32915
86713
79977
95176
54660
23949
3563
2620
77872
98489
20932
47126
14532
50190
97834
45674
11118
38752
65690
13491
2044
66665
1320
50188
89869
67594
77818
13838
96089
30380
97318
92730
85376
59795
576
18130
90607
67295
83650
70491
5411
57414
40148
20150
5358
50039
8697
31822
86319
22752
50123
55466
25941
12088
80346
65991
85645
79686
7732
26971
69735
21665
83376
47583
19692
63651
78309
85424
7464
71547
79075
45073
48449
85601
41645
27705
15832
96460
73410
36836
65865
1446
25144
56988
13522
94231
51193
68149
25930
38365
88715
37350
82811
57659
17937
66219
577
65524
15356
74196
53652
76070
31378
71740
39250
64870
41010
22563
36376
43974
57590
50059
56481
3677
9259
34834
49382
26296
71102
32980
54437
16425
13812
17300
98278
3389
59762
44678
9160
49452
4790
88845
38657
63251
97060
25867
77970
61719
40505
71887
98148
98204
16618
34929
12926
97925
40128
33429
11003
38184
29242
51952
64658
87884
54395
3030
90445
10264
90273
95583
93816
91638
49336
21385
46224
19826
55438
51147
68772
71523
83553
36256
63784
61357
69450
84063
16520
14548
73698
42795
79097
53928
5357
66544
8409
91155
12486
71080
39154
49231
64194
26845
81736
54952
93418
41096
79805
144
70458
84285
95551
99493
1736
3980
40777
13532
96128
73075
87233
15978
18436
93136
90678
98355
17929
49475
46523
58126
70332
34700
1871
82407
53924
80585
44169
79980
30564
4696
62848
22226
8039
97037
97674
66154
51516
15769
12045
72572
40076
57536
47354
2337
96274
46079
95433
50244
54312
73383
47735
73745
41391
91986
96970
60325
644
42005
36448
79924
52161
38680
84011
548
12592
76569
99344
80758
68825
21407
77903
95163
92270
44713
86613
86617
24729
59373
61104
57250
90738
46270
39539
23981
32260
38705
441
64978
73751
4331
92057
23714
52728
48712
73418
53163
60223
68713
2371
96384
98870
43191
8049
55661
63182
85353
21759
51256
80242
77752
3127
49987
42526
37151
84085
54214
9443
16385
96444
50327
43323
41246
92617
58193
57201
20786
4122
4717
70637
62887
27098
75954
81988
80841
99663
18067
64436
74474
97067
15840
86681
39981
69858
56068
77788
23650
9753
86116
69099
66474
2926
62591
16206
64446
94120
86647
8022
69199
73351
26191
76771
16277
68083
27683
86615
71546
15691
81455
4929
37468
88481
71101
53688
38656
54769
4112
87757
78915
89286
1567
17918
55061
90388
79164
34013
54507
95550
88106
74751
66563
8488
74515
33411
30896
62022
12742
56203
12999
38442
31160
56450
32695
51218
50412
13643
56346
3950
5034
48294
41114
76769
28424
53655
9642
86207
32563
54327
86176
99825
20853
72391
82331
5716
73540
84962
6358
72388
68863
36730
42843
87544
63057
33593
85640
77859
76447
20715
91301
4697
56927
5467
43563
70696
76824
36847
7741
27390
52548
21266
27802
55379
60134
49240
58101
63132
11892
20192
77015
33212
22224
22238
22273
37464
90302
87077
55528
72851
8230
44877
30439
58880
53232
58362
36783
12266
57283
540
85574
56945
16045
60554
67475
13163
56004
29028
48502
20266
9070
1146
686
98842
63146
14458
85613
48162
28843
52265
42756
84269
84163
40181
14150
6796
25816
18363
48714
6564
95458
53038
63704
80911
80022
80143
19798
46141
9302
34859
23653
70520
85433
43734
49426
62414
51996
17688
80946
52353
15349
45887
174
78922
74261
50641
46658
73341
58028
47390
38537
1618
83359
13698
85170
92060
96299
14791
35144
97318
15472
47524
66153
90196
74583
50721
7099
750
24172
33583
58305
22368
70523
61271
53331
67911
16995
30674
12001
11932
57915
73818
61693
57931
74005
29702
12065
45897
45648
9166
72699
44686
95655
37512
66004
26743
96422
63820
19561
54390
71053
8311
48166
94165
41491
33835
90867
17896
33490
29840
22687
5111
83129
13175
10279
47021
27997
28475
80100
19439
60777
5297
42708
21723
65565
61493
4486
46655
39245
27549
12744
40017
57830
95606
86636
6890
63031
95867
58030
10466
1789
67763
74965
36747
78694
92489
63702
76921
24972
64922
94405
69842
77560
72147
99247
47245
14691
85166
14179
69465
39896
19712
28029
8679
76799
69702
62271
52363
39133
29154
39648
54054
71937
46030
55113
35606
23310
39405
26075
80501
26622
22937
82054
52665
39423
59935
21906
25710
47433
70432
47600
29010
48125
996
83259
61083
17810
15335
52793
37144
13409
57494
58145
68734
532
28796
4003
5062
65503
22382
99393
60328
53519
66145
12724
80571
40814
38554
236
19165
69154
25609
1935
69220
68748
28666
96914
67489
31155
84193
58013
67364
31929
68437
9414
47796
43768
42101
74380
26583
2769
80595
87451
37838
62613
31524
13321
85266
98103
62394
41785
30952
97686
99195
37465
79920
30027
35407
79178
60899
54026
5500
63939
5777
78525
31584
34317
54029
78237
65193
26507
81128
48931
19786
51720
20505
60236
97768
75388
72570
34525
53917
14184
72772
22873
21085
73703
78307
93750
86526
60117
6581
9634
4148
50858
47912
49071
68900
72179
4124
39928
19131
76582
86547
11350
99581
29401
53848
75928
54001
14450
42834
29708
80967
94861
12830
41006
94534
92360
30827
69885
88113
31916
52822
76341
66937
44058
87680
46847
58506
91801
2524
86100
62413
58481
58614
15477
11559
11890
27241
19671
37565
89123
22597
78435
27088
78392
18774
69734
91963
72590
93624
17049
22278
90695
66483
99096
58806
76044
85931
51900
47607
14743
2861
66468
98201
37534
89696
89378
93563
93253
20350
5515
6641
88295
67800
31178
2709
25572
28194
47956
88652
55108
80781
91273
33170
26677
40464
45499
6010
31243
87797
38870
57344
35036
34003
59264
56393
27015
86370
84996
27832
62797
50496
49353
65010
30862
39535
25351
58445
36571
5281
14097
21365
22430
46331
39302
3259
15822
92905
47434
48474
43426
44826
51893
1690
12269
73721
37537
10259
60348
5103
11798
14192
10799
26009
9632
12533
11183
29771
52214
16162
39010
61596
51025
19770
8112
12510
76497
82382
91943
97534
66312
98448
76096
64502
97730
20669
84813
6141
22047
26350
4548
56367
50905
59570
23552
43223
54741
8052
54646
76070
99256
30904
56227
41189
57008
64080
46200
41755
46198
39411
81856
69568
58349
99842
70359
16452
91662
84687
45091
40364
70121
36339
82599
16996
55032
14564
12688
69525
96416
37071
93496
72069
82164
69852
50031
91128
92655
340
45818
5672
88942
21946
55085
94572
79661
65352
26177
12427
77944
68009
93366
75487
82828
90378
25191
51373
71195
84959
62815
54598
51334
50370
63791
15226
6246
17429
61892
72673
985
92345
38100
82607
99009
65926
6527
43356
42673
5845
97113
54604
9076
35076
62689
83597
14475
52581
85367
65994
47139
55518
27298
30548
21694
11715
65119
53068
29104
8910
72779
19372
17721
80034
48306
50658
765
39933
28373
48559
81286
82844
8136
45235
85469
47451
96383
53767
22500
26893
12349
29981
99292
29448
94098
38379
84918
90835
58642
53712
88636
15087
51818
49023
929
71378
38683
23565
25019
8178
98527
80023
310
16326
47917
50688
79678
54402
9241
36476
27498
14652
22294
274
45
65723
25806
34820
43298
61078
93662
18187
57081
42630
51639
82489
93160
54721
27039
36612
28674
26983
71646
86293
56281
80258
24035
21820
30588
79267
3239
23639
85660
18507
77731
66209
52681
61838
51355
43672
5624
8410
28003
44621
3901
52165
33263
895
36559
65572
52682
80542
42331
41764
33114
87165
57524
56996
37125
42461
15833
55720
98529
7510
78868
7176
56274
29469
11334
89543
99580
39292
99326
69145
73285
92219
30941
94906
50512
30656
61656
94539
64266
52095
50481
12288
27588
19314
70496
84475
17955
70906
81780
13968
68215
82612
97548
60450
20221
56524
92838
54728
34111
68663
56006
91821
15706
83258
93823
19140
12482
41490
41153
82097
47005
11600
71721
74592
99023
66564
85444
5630
48944
80535
51235
65677
86452
49488
31164
60811
57995
37646
94078
78417
48638
85031
99289
78593
47600
26529
88590
78168
4381
33715
24607
59340
97984
80207
81648
57135
38343
68668
61552
970
33200
11580
1406
27680
49255
36238
83016
32693
69944
45885
7869
89866
97439
67383
88411
31792
86113
50853
99715
30791
36199
828
95376
21575
76453
97517
95368
97031
1274
44851
74067
14787
98084
76977
7003
69545
52356
13097
19602
92811
81433
4551
98788
14028
74840
44179
23226
94041
48026
54793
80866
59824
92497
35515
38781
67612
52011
1345
67950
64159
4301
37510
16871
23663
99348
74869
18771
671
54336
71276
18936
94233
77690
98776
91612
13024
490
55836
48106
36637
9717
13864
23936
48545
17449
99607
32010
54020
19526
94092
82154
60792
7658
55828
13700
34498
66926
23224
84647
82995
6206
27130
52144
8710
96906
22968
24982
96402
64003
2557
45600
12533
68246
72883
22605
69922
86164
59378
46176
74181
97247
53096
59263
84451
88537
17930
61841
87001
47425
79788
86389
63172
86346
64341
30738
99230
55630
64904
39277
60509
14804
84196
946
14058
47445
31875
76285
14277
6692
10968
57573
98635
33858
14492
27761
43594
96200
53009
19847
28847
79607
77457
68967
54000
62312
32217
90833
41797
32161
20953
70025
37532
97125
33407
76421
75121
44664
44928
52336
30708
3479
87682
16540
1690
30514
20149
31168
71117
12072
49967
39026
31008
99458
5847
10310
61366
88916
2070
91755
83754
74731
94605
92189
29672
83751
84252
66931
27856
88452
14704
92206
89060
67613
84789
18664
85293
81212
85887
64181
59028
82686
40343
98709
80755
71949
49971
20673
76594
63207
47311
51421
80960
3253
32131
57864
72550
71801
4630
67354
92609
20713
5323
41471
27371
4742
41101
66117
58908
33784
68840
97040
85931
84487
20027
63119
37046
5652
25696
70075
36422
30043
40817
87580
2108
40949
32211
57146
14164
81784
98389
99513
16058
21665
55732
84936
50401
11389
6240
965
3647
17713
80201
6957
57471
64590
61014
34816
13536
43310
15707
33301
52463
65079
6161
13164
80644
7882
65269
9568
97979
88904
39262
11921
61221
76433
91146
40478
46259
56910
66822
34649
80337
12894
46825
29187
6320
38604
12838
97295
10045
64909
79908
96944
69523
38652
15301
69798
61581
40655
68770
94837
59084
73056
72185
33956
82963
92941
85341
48396
12047
57007
32270
23252
45749
58312
97945
72573
52702
6052
18404
84066
66154
52796
16147
84832
17769
40043
53693
97685
11856
22354
21738
7956
90026
72432
83291
41841
64799
44367
46290
65814
80972
58749
80819
56610
49178
210
56786
9529
20357
42682
90729
40556
71465
25805
83926
45590
2420
6335
24191
77213
96982
53852
23864
38261
23634
55524
55832
7687
2443
42396
20040
49623
34170
4544
12076
3448
62750
682
68256
41001
27867
37196
15503
14742
32595
61733
81001
67403
5372
54473
691
78798
91288
71152
49147
93963
72085
52269
6906
53033
82633
68215
63721
13768
17105
43746
91346
13938
91447
18204
65856
7912
10903
96063
9668
41880
94604
55452
62314
94926
64898
32690
56361
27718
33496
5148
63789
21914
65305
44840
47423
72716
39834
44676
49694
9449
62370
52129
98
79006
6988
92212
64193
49811
63896
76650
51853
98021
26683
50544
61587
3896
69339
37890
50281
29158
43898
30991
16997
45473
78752
5608
87516
56628
35342
28049
48252
22502
27519
49170
48199
30096
49980
92727
34935
95777
45622
62434
68538
23102
87209
79421
52052
57075
32024
42863
33691
78040
98564
37852
83342
14263
56903
85873
12865
39049
3174
13187
25239
2257
19874
26136
58998
57504
25785
76722
79783
281
54576
76095
48382
56608
52343
4449
80160
66160
90017
69111
1767
9047
30505
75101
50213
66363
59772
54620
5557
1493
56263
74713
20905
33078
95867
41119
63415
29863
29103
6568
69738
44207
42255
8317
8833
81685
91520
45590
28483
57200
71115
81839
9281
80685
33407
28594
97283
10869
77349
71763
72059
67467
34097
57763
7248
43855
37956
63406
47018
8607
91578
54474
27657
9232
20530
7849
65759
9805
73013
14927
31764
92976
73673
19582
28748
61745
99928
49121
39374
56533
79221
46698
47862
42277
46923
86794
59057
2314
45484
9417
10969
28747
80206
19254
52542
69461
65516
81280
26963
35474
58633
59117
38132
59701
22419
15593
49128
51742
15708
41548
71141
15987
86238
46786
89017
30497
36218
39976
28964
92619
31187
50716
34077
31829
73103
37536
79506
31981
32741
21408
52389
18497
39744
23644
76992
15311
90368
18493
338
60743
32608
51915
37694
76806
16678
63229
8550
53162
49224
18501
8901
87597
38338
63299
48376
32560
42340
81242
11709
13171
97225
90198
15986
35649
73670
16397
50538
75976
57577
44882
63616
64446
88606
44304
85339
74396
58920
12285
94842
64898
34241
41015
12378
7500
70276
98785
31953
50177
32786
7381
96689
8375
63987
55351
85652
39188
24707
7766
83704
41076
72620
33277
57897
76202
77371
94177
45921
95830
2791
73749
84378
23151
98052
11391
1330
47861
3636
65670
85582
13847
30019
93322
95880
55644
22906
12701
14292
4912
24321
58144
26830
37701
6460
98831
88496
68272
28992
65636
76515
85326
48786
32332
36352
2855
61376
8878
76122
38517
15420
93728
61118
47958
70555
87980
77464
76762
94743
13095
51929
72343
56149
9583
26882
30617
85449
28910
42394
93664
33208
58964
10004
76553
15473
58656
37772
18564
80284
59821
96116
46445
42471
36556
45682
43069
83221
90612
91591
50624
58968
80957
80482
74350
23638
35808
81392
62910
68666
90152
73847
19320
72613
11477
55347
59627
49103
3050
61083
32918
8958
38744
70508
50513
69623
77960
5174
72046
89015
19131
35586
13001
50507
6320
97971
82921
48825
14030
42760
34926
19193
44811
58963
31891
33275
81067
61167
26373
57751
41180
65218
73598
92740
53560
66738
6808
18664
4255
71093
58270
16045
14048
13130
57477
66800
5645
55998
22057
86618
88509
50956
74500
3906
68125
45796
60505
55467
19165
96681
26236
34567
37180
26302
58941
58571
19716
85576
27852
4807
99241
96788
62650
44313
43108
73985
78147
57621
42995
2786
53747
9694
13534
89894
94323
95400
45940
57325
2969
41120
47910
183
13631
82932
40566
30532
93235
6065
89671
83965
13940
6927
28502
84814
36444
53207
71123
97266
90708
49444
49591
37382
55909
3078
61879
25362
66728
71540
36418
20492
1454
99803
26928
46218
89479
4683
876
32109
53063
49456
7473
81793
37799
73302
18326
78889
36130
77627
58264
60542
62762
50848
82073
50170
30107
5432
47805
16711
97666
74702
37771
26942
25223
11057
47513
9280
77237
93943
74104
53115
71320
65902
2179
84024
45221
88498
63525
31895
56468
73179
22662
58310
93279
54732
24898
13794
29397
86970
50699
76439
46321
1796
47995
34139
84612
70998
2399
45988
33097
3053
94695
38338
7683
21555
95519
40796
27166
29772
43853
15971
65920
87493
88784
81454
55582
38623
45332
22274
14891
77375
64789
54257
53235
57842
86573
29173
48223
94797
25297
33555
95620
98427
36369
4943
22761
80483
63955
95477
37743
71779
6957
12084
29267
45718
23185
34994
88203
77813
35791
82250
33866
89442
8451
80123
5358
40164
22035
55022
42705
33614
25845
62157
74872
72122
26156
40505
51130
93864
98093
60387
91768
53888
58710
31291
95242
62510
67510
6862
56170
54201
94663
36395
6846
67142
29313
67941
89360
51294
75493
24803
34394
56392
73602
10180
66130
24597
94572
37881
72188
54279
63009
81869
22157
66535
53984
52031
40092
58451
13640
74300
42646
16051
52796
24328
71730
43989
5394
31828
66443
99854
68855
91225
3983
11594
87985
43481
72437
9366
96122
31742
73251
33983
5186
28995
19044
47559
36452
45606
54224
7795
64050
19790
47848
65900
91612
44347
16153
15841
16506
24126
78390
10109
25960
7667
34796
93399
42800
85795
78273
95252
93207
94410
85426
72920
54226
51822
12026
76232
49807
32322
93217
61665
21104
73843
58265
49846
16683
31076
58559
51404
61075
97282
98839
83052
439
92528
1259
91978
38871
53964
63627
55162
12303
99287
22704
27573
87018
19771
7388
58440
16548
10
95977
15263
13172
90607
26319
26564
40460
92942
60749
79376
