3000
79261
85185
96080
54791
80706
85409
51089
72842
98851
86512
52456
82769
90100
81426
56169
77008
54663
54438
68083
77477
77710
57709
84527
62322
56589
59043
96241
92194
65721
76877
51291
98816
69814
99996
84399
71499
62658
89163
90871
57303
73591
88915
90591
78660
96258
85431
66927
74463
58819
93695
79610
89813
54826
96287
73397
98349
62155
58466
99939
60764
83547
59601
56045
64818
67109
70825
63903
50803
55608
58109
59963
62138
82481
80925
56031
72760
88889
61904
98571
98028
79350
70564
57340
64856
65482
83114
78969
90051
67070
61348
97931
83411
77156
84491
78594
96561
76200
75724
72819
63838
80812
69656
55908
84447
86914
72853
65769
77166
80077
53887
84352
66547
61117
91997
75861
89002
92930
77995
62575
92989
92981
84040
82530
74288
51908
99975
51379
86681
64462
83125
71363
54254
73497
50369
65340
66924
77101
53920
73515
63478
68922
85243
60021
93614
57318
82063
92360
50254
89993
93938
75313
85484
87354
76665
67664
99597
50325
88049
52138
95102
85311
85205
97361
56409
86977
98140
71038
56695
68465
95864
50493
79128
52189
72861
88120
82696
81322
96319
81205
88574
54376
71408
53646
98359
78274
56876
92585
83502
80484
93258
79148
72158
86896
54886
89148
67512
80192
86811
63069
60839
85298
65415
94646
81000
82946
50020
83033
74318
62073
51073
79016
91098
72172
70101
57127
66550
65446
70907
79604
56650
75582
62127
81831
53387
84858
63289
59757
79429
74411
94117
98335
67607
85185
77394
65685
98573
64898
78292
73153
98090
72361
51101
57277
77574
54971
98143
67441
85639
60822
89944
76704
93228
83209
97921
51021
75212
78873
92567
93288
79996
87239
61802
88062
99169
86585
92002
69557
50422
70310
76550
77563
77223
76604
78203
54497
55971
53058
74972
61112
88439
86596
91708
63856
66718
97922
98787
66317
58146
99716
52990
79596
94733
82289
51382
57745
57789
95156
86783
72149
77225
51259
70190
73273
66781
73289
77267
64637
88889
89244
78948
63838
97826
56778
73738
61293
67828
74299
71392
67119
91528
81879
60398
85791
55971
80633
94693
76693
64500
71717
66829
93026
50143
93283
59890
98192
59905
80497
75245
51055
93513
58454
61875
67924
74161
92860
66567
67324
70401
51202
56037
87768
64328
82792
78236
52641
91021
95595
64263
52356
85150
84365
93720
82031
97456
68626
98119
77692
67367
51567
54427
90713
86372
86152
88385
71134
70761
68140
66392
61386
64063
58534
95613
82821
91005
65028
82046
53014
82495
92990
85906
62597
88073
54882
63225
54567
93811
96579
64307
67958
74636
76545
66299
54433
72019
75490
92441
97909
77754
91670
89477
80737
91671
72857
73469
77533
67172
65047
64855
53801
92934
77271
73370
67269
64985
84669
57734
81396
86196
90482
51030
85341
83122
76269
91575
74493
76472
77240
60017
74481
73151
80803
78097
64067
60466
78147
93883
63138
58726
95153
57423
61949
92212
58484
69500
94414
63540
83036
76957
75734
80440
73142
58675
59559
64152
70681
59224
77143
70987
73580
69998
73803
69454
73505
96761
99488
74551
81298
83845
58522
61696
73483
62743
60659
66726
84814
53833
82014
88067
89320
89778
68784
74607
86490
60460
90000
64770
84847
61643
94987
72885
85861
67467
89318
59031
50633
67524
80789
52438
72681
51859
73737
92877
98762
84454
65158
85246
60307
71654
92326
69084
65208
74596
92859
59166
81549
67936
53699
91812
52523
87303
95702
70767
95048
83278
94058
97738
82041
57932
51790
89672
66456
99801
60677
95075
95843
82769
95789
54537
67732
69827
80013
59688
96882
77769
59473
59107
76346
71984
64197
58050
68874
62300
51382
72906
71090
70695
87332
80428
97666
81988
57809
86529
52467
70259
60561
69323
78051
61434
95113
90966
77975
98787
93193
77905
76098
82141
73591
73072
96038
87491
51202
82494
54877
80180
75465
71799
91780
76246
72761
99311
82276
54051
94581
93457
67463
63912
69695
90799
79227
59351
94566
64483
94609
78636
51076
99802
75209
97401
92361
96305
88634
96635
74157
79814
59009
92908
79299
97039
80704
90232
81474
75531
80187
73778
69152
90661
91614
88144
77627
51417
99502
61884
63220
98818
83150
65126
92292
62382
88298
91904
86341
98868
61341
81161
51667
68125
97110
56300
73305
50980
68560
68473
71831
99476
53036
95230
95663
72286
71080
55423
94170
89369
54929
82253
68705
63588
66000
89453
78913
68413
87238
76998
58623
59898
74886
81515
57041
73531
70041
82524
98674
63268
73459
89440
86580
91346
69411
78620
83106
78137
77846
82006
58668
81551
54175
82792
94731
87406
79520
67576
84376
54367
82648
51268
81132
86444
68241
84823
63809
70663
55647
58123
63360
72904
93145
90492
73757
63384
88040
96985
73850
85013
78299
85812
52239
72505
97596
85014
76731
51422
83689
81687
59140
95729
82614
58670
76287
77987
54482
80981
75142
68532
97599
87424
94459
94462
55905
73401
75611
80939
91083
61419
65602
73040
86723
72525
81803
87003
91958
82950
78055
85772
84813
64077
51614
60247
72271
85853
80112
72578
77580
85185
89318
59041
97444
77742
84930
84480
59542
59083
97244
55824
59526
93913
65766
59550
92836
54641
60609
86646
54999
77560
53492
64060
67366
93566
50630
72528
70361
65117
95378
99958
83432
86700
73665
94163
94639
52797
84328
61788
79209
89601
67536
69506
58438
70615
78233
99498
51234
65927
72284
92966
54345
63063
62706
60565
69768
63828
80444
61427
89169
63384
58977
88804
53267
80098
93308
78786
98069
50281
52378
75265
88656
71981
67091
93148
87254
71957
80896
52871
50721
94143
69442
92219
59673
88790
86741
68717
75491
59822
66949
80409
90912
89663
72429
71118
67318
59493
50852
92291
85193
93055
60841
83654
90177
83504
81288
54765
81787
65696
79418
73024
63344
51626
97096
68949
94219
89477
52939
69543
75099
68269
56561
74662
97443
56306
65139
96415
92412
55957
58672
79250
89910
93307
87005
63249
98252
95885
84085
78344
55468
62015
74901
75400
65151
50892
55145
56621
90426
79323
65164
94290
97706
73186
73776
69550
82182
77160
83295
51323
68819
57385
77255
81127
52103
98858
89468
92797
80291
60598
92207
96386
60907
61248
58837
78100
78960
71774
62365
97071
56808
79557
60529
77338
86869
58193
69534
75096
94224
82106
81722
60545
95494
59189
85899
83210
58871
83651
76618
54450
64252
85446
78488
96965
63520
93350
50590
90692
79471
61013
85487
59170
62506
53736
88440
59239
97804
70821
56366
61423
63706
76002
75325
60164
73396
50658
71709
92687
56967
96034
84853
53358
72426
96854
72391
62646
68125
71036
65607
80867
50593
98960
93086
60313
82699
98451
97075
98881
56502
82105
96013
96422
92056
67644
64955
85523
89775
78790
99048
52186
97469
67181
75302
66488
91011
74705
84966
82422
52751
52578
76082
99731
70421
90944
55435
71241
72138
62896
87695
69163
57532
67022
64361
73858
94381
86270
68224
95398
67914
55961
58068
51530
95849
61103
73432
53209
70328
51513
68445
99200
58468
56660
87271
94947
78595
86051
97233
77990
89619
96775
64476
56986
65416
83229
75617
54382
86158
66299
74887
68058
98017
55737
76760
95063
50511
50273
73518
81773
86080
60670
56688
65107
65222
89413
67847
84516
73546
62577
80657
55787
67300
74111
86390
79418
95931
87547
89239
61448
96003
58996
77314
84517
94420
89828
55058
67169
73199
94575
98654
86411
85833
56183
61193
81465
75277
50015
94472
84338
61624
79010
93270
54743
64283
55536
67771
82047
75274
82400
50114
88676
94075
71929
69026
95001
52150
89994
97868
95700
59137
95560
73286
93356
87511
82348
68555
72699
98054
77892
66247
87306
52689
58147
74272
56296
98415
86140
92164
85108
59858
69918
64049
86734
93198
99856
94199
68982
56619
51368
81949
93090
99331
67487
79774
92195
60734
88435
89200
65299
76333
77629
56324
93712
53051
55703
71480
98637
61477
86302
67951
54298
60275
58114
56288
98854
94937
55917
82264
84071
87293
59204
58922
70271
82970
92066
71648
96695
57706
97212
76760
52922
64665
96213
96866
72526
89227
87072
70239
82351
82954
79785
56412
65712
65766
53347
94921
66558
98660
78555
56838
68483
60556
73417
94003
53246
94870
97063
83947
92327
58031
87292
90884
78326
61533
85783
75690
64738
84979
81341
89932
62905
99908
56768
84586
58101
60212
73071
55060
87930
81491
81668
62857
76589
72537
81697
69507
96163
59496
88973
73020
81284
96528
92454
90019
83646
89549
99789
82807
54583
61660
65206
99383
86174
80330
75144
71338
77042
88323
56334
71640
94806
92602
53716
61327
60983
78555
93851
81804
65357
57667
71183
86916
81059
58742
90541
98284
99197
68040
86175
72614
71123
51488
65088
78609
97728
69051
86148
79661
94171
83690
88015
58041
54843
52600
51296
87019
53147
54551
72072
79052
90659
50929
95016
81835
69952
71966
64515
91280
75186
60844
72795
75416
73878
67628
79929
54161
90607
59320
89502
75886
74325
99848
67573
67245
53168
88215
83149
85731
77098
70984
92184
77850
63400
50530
61435
64867
73188
89846
77541
96808
72581
62427
91301
84302
88683
88781
53229
93051
89389
86448
93138
98910
56640
74339
86063
66862
96316
99822
52469
85703
64013
65551
90718
69151
94634
57632
88239
77701
64285
99294
55108
74269
89625
71207
80807
62216
99233
68211
61972
54399
50489
97510
54184
89365
83441
69556
74627
51980
52071
55322
50076
99998
62673
73335
56035
77405
81258
88972
99247
51293
96882
58973
83105
78708
58545
56923
94850
71999
65070
61976
57355
73789
84341
89382
77076
65350
68840
89969
89618
60915
54606
78080
85936
77711
68598
68586
71982
87465
56335
87945
63132
70528
94027
82026
77225
82009
73885
59314
53386
81253
78219
66050
78634
99835
76513
83646
58561
69480
61146
65528
81999
69129
93264
72873
81238
83503
85515
58362
92448
91282
57792
81492
82679
79264
72637
91085
59973
95047
54805
78714
54114
87548
65793
77153
74336
69419
63209
73658
86173
53223
76034
87579
66419
74316
76913
53482
63053
90175
62864
89866
55755
52284
98288
65769
88057
59028
76477
73070
67107
63131
65031
98843
89640
52739
73842
78651
94157
87355
66741
54543
77997
56923
54218
81946
81989
67405
63278
92606
72724
80920
74928
92018
70347
78357
88808
55927
98899
54648
68587
72149
61216
59095
56462
97152
84058
59366
79082
92393
57669
58574
68074
52895
68645
73436
63870
83899
94969
85017
61278
56448
66117
51819
53242
75089
75812
50155
57232
93822
93954
72924
63593
66493
58460
68705
57957
53495
96740
69503
92822
96260
71380
97830
92134
57236
96805
89068
64975
51652
59667
52915
93546
65592
82858
89117
73292
79489
96513
95131
94965
83166
95481
52613
77917
70921
76739
99928
67506
69013
66646
52937
89035
85314
90395
53652
97113
71729
63727
95642
85239
59051
84170
85537
50747
85545
91176
66003
69910
85009
96956
94999
70375
58366
79491
66114
79357
88358
67724
61676
77497
57453
61777
81023
89437
86276
77760
60286
50183
75554
55291
63873
73673
97886
56985
96033
64058
90369
53288
83315
68070
90273
56690
78682
72340
55241
53305
97277
71643
84279
92212
92089
82238
60310
50454
65886
58481
89468
84301
74724
97551
59393
67271
80152
79218
66603
68616
59645
61264
55263
58533
84383
78169
66155
87436
80526
95606
97214
85556
59707
50818
76280
87777
80509
65008
85512
66583
88031
97587
84843
66392
53970
81324
58828
76255
85243
84215
70000
80703
78698
63518
61121
99816
79790
50989
94016
96744
79881
80332
64865
92591
96909
90361
63356
65494
68887
84164
91054
77429
78692
72314
92392
75231
68811
56927
72543
82969
77977
52562
91020
88661
60600
72101
97130
65818
64950
71735
58566
85693
98108
65251
71271
78973
59877
60543
94114
86107
93051
68778
57565
52838
95820
54638
88064
52028
67127
99043
95692
98954
89761
68218
54929
91666
62648
54307
54134
86222
61215
52208
71190
55541
71790
54127
56136
91304
72146
97369
82084
73084
88512
58545
62078
61761
69606
52553
86205
89222
64338
51217
96150
58150
65263
61645
66270
62796
88177
99134
93584
53193
84741
57215
96851
95060
82938
78984
65519
98093
63831
83152
95562
90897
96230
57035
77241
69439
77700
75856
77757
68876
65715
82968
51638
89356
51729
74907
64780
92980
82965
86877
79920
63553
69990
60400
60371
77352
58690
61235
71825
59114
56367
80412
80603
52908
87001
85782
62659
55356
65821
71641
85752
94266
54305
89011
83423
54284
91114
56823
89559
60225
69801
82270
71807
52401
76024
50523
83562
52104
78494
84496
64000
53628
80304
53743
90452
63209
83623
90276
55875
75497
69634
77380
74046
93786
79040
55309
88452
78734
53744
82109
74159
95062
81680
96093
52473
72298
99705
66310
65648
77967
73042
75348
93840
67322
68741
58040
87892
86166
65540
79052
89363
82921
57544
64045
88109
51295
93057
59161
89134
81192
84550
78953
73066
88193
90210
87782
50313
50744
87902
53632
92785
59593
66046
94101
69861
56816
93620
96707
98299
75683
72075
71233
76851
80625
62488
81836
80575
58672
54947
98035
62697
89419
75568
51375
81598
99809
94307
90847
98849
56274
67117
92556
62426
82423
68818
96576
96965
71390
69730
59645
75681
80618
88981
58155
91153
72088
87891
95957
73500
63198
55663
89111
59391
73396
68761
53629
88771
51608
89423
98043
78070
64689
60772
88261
52173
63029
87521
96262
98941
75969
72827
79491
86344
90183
63973
82109
52551
58440
75539
58285
90664
89403
61840
56635
97677
59389
84129
51635
54247
56904
88669
63094
83731
51517
94505
80772
88756
87838
54472
99895
54754
98544
82083
81662
52396
56128
69194
52047
71568
54324
81866
76708
99817
81366
95162
56776
94788
99160
66554
64968
94874
60959
96250
60520
95651
91645
86282
63935
87812
89577
88128
99388
97218
82344
70545
55450
62562
85265
66209
88826
52097
93499
72446
98543
97855
63263
86550
71155
65161
60626
83603
95674
57979
80988
52619
89501
97669
51225
96389
79109
52864
65388
93946
99648
96796
83086
65944
90694
84160
73429
96837
91896
94218
96090
78435
95120
73965
87460
71900
61876
55252
96603
93661
99647
73670
57257
89132
98544
92268
72214
57251
50639
68865
77116
66294
90352
51671
56029
65738
94696
76274
51041
60744
94648
57885
67754
83869
85830
95206
54494
71267
51993
74848
52670
59764
75354
73644
86473
99313
80964
93662
57929
86350
54688
50733
88051
50029
56077
88288
85496
50094
94439
56729
58433
53091
89351
78650
68588
84957
70598
79367
60422
65212
71196
62064
61336
58089
66379
99206
75901
90568
83631
54313
63359
79191
73318
94576
60897
60949
87981
63213
85211
59706
69951
66040
91609
59063
72156
62112
81025
80873
63402
99583
51111
96388
73448
65385
73350
78348
55733
53564
54065
81506
93557
92126
75792
98018
86818
71193
57543
99293
69440
63545
67723
57626
65939
57059
52003
89154
68961
98548
59867
90250
62220
99554
89528
92999
59880
78382
82130
63241
85321
83779
71676
79732
77066
96968
65021
51579
59944
96736
56339
79574
54280
54247
60196
58414
76897
94216
74739
73617
80632
72651
78423
77984
96359
89385
88950
57752
59150
87907
85368
72200
96727
74250
53224
52768
80220
51151
96481
62435
84186
70303
59602
81278
78195
81206
89062
92090
80871
81184
67702
83214
99932
62520
78921
59453
74114
51499
57305
54922
79826
86117
62673
98849
81670
67499
96353
59846
69429
74773
89066
57206
87558
59782
60532
83631
71376
78930
51441
73967
85739
92954
68970
76815
62036
90732
89112
70583
60507
53430
75019
77535
81051
55420
65795
75293
93818
78700
52914
99967
76505
60363
94433
57460
70981
57175
86375
97290
92363
78656
76121
73306
82842
81748
59677
92852
83359
79750
76828
58170
50043
86352
93590
72220
90303
54241
90021
74313
78573
67445
87273
69090
71854
76684
81980
96389
69111
73042
96292
79462
68305
86533
90728
57921
92900
67575
62754
77464
57923
82045
92444
73639
66988
83789
91649
53128
83256
55969
96473
97010
62596
73731
55091
94104
82978
82729
65356
79249
65835
76290
87573
62716
88365
59139
90347
76238
55174
82073
65943
96360
70291
56228
58391
81947
62082
99436
85854
57101
83839
83982
54238
84121
85859
50434
77233
73239
70202
55815
95114
89701
68326
83850
58367
98179
82194
70352
67088
82540
70444
50048
53480
76644
56389
70346
86621
73569
91593
96999
76932
76040
65141
76482
65611
68379
91220
50506
73020
55782
91428
76689
75196
71049
54502
96457
50563
65950
88595
61413
53680
83707
64589
96249
52477
94982
73390
93709
85878
53151
64908
89863
64262
85226
89517
91583
85423
69424
90649
62144
83430
83292
52591
96298
76332
64740
90596
93010
56942
60049
73727
78025
85987
93428
88220
81030
62248
70047
79447
94280
91386
92372
69524
55057
98883
81080
60877
85244
70999
96311
65371
85423
72260
52708
58294
64608
55167
77224
57336
75241
77899
99260
59140
75518
85824
79322
54024
93150
76658
55907
60676
60690
91032
97975
90523
86408
71018
69558
72502
54306
77286
59544
84395
72791
67323
66003
88604
74745
60135
60950
65486
52315
54312
98377
54733
63050
54506
84714
93842
78494
70031
74387
72133
78193
77769
75440
63613
92506
95749
69375
88913
80743
89574
95530
73630
86726
76639
69459
80388
69000
65111
84614
78319
88856
78095
98829
66298
73167
57089
75062
64697
71690
85410
67154
57089
76258
50559
66398
70500
72874
94376
92467
69492
64263
64894
92856
84081
93879
93118
73586
97973
51458
66589
90902
77416
81389
86167
77021
85177
63298
61778
59520
89846
72141
81781
78181
61889
77905
51312
63088
77900
94719
58762
80291
78886
97366
60356
80265
68718
91511
91515
60728
86316
77276
88285
84109
78687
58345
84541
95501
72462
85953
90482
70940
55385
95945
89223
95480
61234
50154
92647
82791
68228
52117
74317
65515
75621
78268
78707
62670
55591
91089
66162
99259
52387
63264
89310
77293
92756
82330
71266
83495
58343
98238
95217
52894
51001
55513
94735
68032
90418
99318
60374
84661
89312
74022
53730
50050
82543
87486
74039
73811
60630
93620
77315
95376
54280
72843
92366
53090
82202
94960
89286
59924
83761
98949
62181
68822
71358
91614
99672
71408
99567
55694
83156
96595
82029
61520
73473
61447
82617
67119
86440
97158
64928
93803
72418
53601
86439
64083
64816
88035
92794
89620
66392
90649
96469
84159
87254
53789
88940
52432
59840
71372
58079
93759
74805
83601
91088
96880
76166
54887
90910
75020
70066
79704
96487
71834
52059
80564
77757
50127
79899
56623
71604
92544
74074
89396
99054
91007
60824
92121
84309
56104
72203
76034
71301
97796
84014
86015
71824
57570
96854
80947
96047
72297
83412
57608
91737
54196
68843
65834
84943
96255
60672
98720
76850
73698
83898
92090
79214
63770
64450
53727
61853
87502
67337
79594
69331
87783
89640
57956
77043
56958
90951
81487
75538
56846
57677
98931
67953
81502
61845
51302
72696
65866
73837
73298
60651
83537
50443
78813
92611
51792
81025
78947
77509
85669
71015
70348
67883
92957
52726
85888
55522
67533
51733
84446
55961
68062
63775
64414
90010
50430
70386
92193
91819
90483
63331
78823
81647
50126
65102
74588
99086
66910
82881
82429
79918
67653
55763
65546
59722
60631
74809
52270
75049
66879
81201
52599
68274
95508
77109
82908
66552
78190
78283
84067
96441
56943
86611
68829
72045
74690
84001
71106
85442
55182
80828
50811
98410
90527
61289
80429
78796
10
54319
83691
93351
58484
84577
55098
88333
76051
79045
53268
