99
84743
31129
99625
93288
63516
69326
2368
15906
97958
9337
98160
79736
72926
62504
57297
9719
41827
32479
32701
2066
22600
30208
8858
50765
9876
13060
7301
42653
79814
40651
37269
56992
11399
91991
38987
46230
3496
75199
82668
45211
73529
48340
13084
93911
48244
98760
10893
42922
56632
62595
64399
52213
52225
99471
5300
30110
638
21627
2819
60131
75711
57668
91553
58
79443
36934
17974
7427
98578
83200
97189
69037
69610
67791
94209
58831
41954
24764
51016
8213
92864
35370
1259
74445
43254
10072
99187
57326
17496
11734
50110
67316
12764
18893
17085
9546
30341
94138
84470
100
44232
45295
82318
37343
99628
68039
31179
25966
75485
16638
19178
20882
34439
41482
35494
71872
98717
40184
88293
10825
96108
85368
71728
91108
48078
78757
30916
51880
85421
51082
51950
5191
3709
74510
92329
99320
1030
59772
33497
82863
47585
36475
42392
61078
86774
21847
38040
77693
69100
4682
34059
61144
23899
48880
13924
67578
46237
70616
67899
255
96588
26489
30758
49851
25964
67895
82950
66774
83502
63420
5464
95579
29518
68240
4335
88609
66793
76384
38637
15801
29732
34425
57441
34553
28164
41796
62750
88069
21432
82320
44793
73315
91283
13856
54447
43550
25011
43606
15805
28229
