1 20 100
10 14 479 0
12 20 289 0
17 10 222 0
13 7 107 0
6 1 300 0
20 15 193 0
6 13 220 0
12 1 216 0
10 1 462 0
3 4 230 0
6 2 194 0
15 4 153 0
2 5 77 0
3 7 129 0
7 14 275 0
15 2 198 0
2 20 663 0
13 8 64 0
6 19 158 0
2 13 281 0
20 2 730 0
12 20 341 0
15 4 146 0
20 2 543 0
13 6 202 0
12 18 199 0
15 10 90 0
4 7 264 0
14 2 571 0
12 9 109 0
8 10 226 0
18 14 640 0
18 8 497 0
20 2 660 0
18 16 344 0
13 3 64 0
6 11 27 0
10 16 163 0
10 13 101 0
7 20 285 0
13 11 142 0
4 7 284 0
19 3 28 0
8 10 249 0
13 5 146 0
14 2 626 0
1 6 184 0
20 6 166 0
19 14 270 0
11 8 250 0
10 2 48 0
13 11 70 0
20 12 181 0
20 5 306 0
17 7 157 0
16 9 25 0
3 5 206 0
17 4 129 0
20 3 272 0
4 5 382 0
7 8 491 0
5 9 476 0
6 9 248 0
17 14 150 0
10 7 14 0
14 2 608 0
4 5 338 0
17 4 197 0
13 11 72 0
14 18 588 0
8 17 104 0
13 18 209 0
10 12 92 0
1 18 189 0
11 4 136 0
16 18 289 0
14 2 414 0
4 5 160 0
2 6 122 0
19 4 260 0
20 7 595 0
10 4 203 0
5 8 376 0
10 20 579 0
20 6 289 0
17 14 262 0
6 16 230 0
18 19 93 0
14 17 112 0
18 4 333 0
14 19 94 0
2 7 82 0
16 18 220 0
9 19 186 0
10 13 179 0
4 3 285 0
12 9 271 0
14 10 356 0
14 10 599 0
5 16 374 0
20 2
