1 80 1000
72 69 1542 0
34 60 571 0
31 16 652 0
30 31 1288 0
46 57 575 0
28 17 265 0
20 17 682 0
35 77 551 0
61 22 300 0
35 21 537 0
76 62 582 0
46 41 599 0
39 6 1505 0
2 36 718 0
10 23 466 0
58 45 1416 0
49 40 363 0
45 55 1920 0
21 67 1608 0
26 3 1339 0
25 26 1979 0
52 13 845 0
64 18 1026 0
36 31 877 0
79 53 674 0
8 14 655 0
66 35 585 0
14 78 242 0
6 71 833 0
77 49 1044 0
30 8 1186 0
6 76 621 0
23 37 985 0
54 46 432 0
52 53 1907 0
13 26 158 0
2 52 1419 0
46 25 701 0
4 68 1367 0
42 23 481 0
64 3 651 0
45 7 1624 0
2 33 511 0
45 35 1634 0
31 50 2233 0
77 60 1444 0
47 49 1411 0
48 4 1183 0
74 34 1056 0
71 27 329 0
43 20 406 0
30 4 887 0
33 45 658 0
27 32 291 0
77 46 1006 0
16 36 646 0
20 59 1150 0
37 62 1587 0
10 26 990 0
1 52 762 0
57 34 1149 0
62 35 1444 0
30 39 548 0
67 1 1502 0
56 78 1045 0
3 59 1241 0
13 45 748 0
76 58 785 0
30 2 735 0
39 25 773 0
75 40 2105 0
27 78 313 0
27 19 1069 0
52 76 1485 0
9 40 1747 0
64 34 1417 0
29 4 436 0
18 66 1838 0
11 50 1196 0
52 46 1056 0
71 4 423 0
5 1 1156 0
26 14 1359 0
36 64 1510 0
4 67 1409 0
58 34 365 0
18 64 2456 0
70 40 1738 0
2 46 1031 0
37 17 894 0
5 80 1417 0
51 42 321 0
80 47 1201 0
26 49 308 0
77 46 1195 0
44 64 740 0
41 58 195 0
62 6 1141 0
8 2 262 0
10 62 1674 0
80 28 555 0
48 53 707 0
75 34 1592 0
17 49 193 0
52 14 432 0
31 61 2042 0
26 10 1111 0
8 37 2462 0
15 37 1099 0
16 77 1000 0
59 46 1109 0
17 11 196 0
68 78 401 0
33 1 230 0
60 58 1052 0
37 45 1747 0
70 19 491 0
36 52 1240 0
42 54 742 0
38 62 1053 0
79 50 596 0
19 77 701 0
21 40 1101 0
70 35 597 0
75 65 1101 0
58 1 907 0
52 31 1697 0
70 29 1110 0
64 5 926 0
40 59 820 0
74 76 519 0
2 28 719 0
40 9 662 0
64 60 337 0
3 45 1665 0
29 8 1185 0
11 10 543 0
30 75 745 0
72 24 476 0
2 40 2306 0
2 3 1532 0
57 28 2189 0
12 30 1065 0
32 2 705 0
16 31 583 0
49 13 233 0
15 35 297 0
35 40 567 0
26 68 1701 0
13 40 1198 0
42 20 1128 0
51 18 618 0
72 28 1954 0
29 31 1133 0
13 34 1797 0
73 1 1656 0
76 50 463 0
60 29 769 0
56 74 983 0
47 71 1151 0
17 39 447 0
45 29 1725 0
59 60 532 0
43 9 578 0
20 71 773 0
60 71 65 0
31 27 1481 0
2 77 1251 0
57 44 731 0
45 48 1579 0
9 56 538 0
1 20 1214 0
16 8 266 0
30 70 1353 0
69 75 1186 0
34 53 1447 0
60 7 1258 0
41 7 542 0
75 20 2173 0
57 46 1037 0
8 5 1789 0
34 33 1144 0
24 54 1155 0
37 1 2446 0
61 75 1643 0
60 73 458 0
27 26 1404 0
26 42 631 0
59 76 982 0
28 79 767 0
64 78 1988 0
14 59 1670 0
45 10 1783 0
67 64 1783 0
52 77 311 0
38 1 943 0
5 15 1861 0
80 5 870 0
11 4 896 0
74 5 737 0
40 2 1410 0
40 26 1910 0
31 52 1342 0
74 61 746 0
66 28 764 0
22 80 537 0
6 18 416 0
64 71 413 0
39 5 1388 0
50 10 298 0
67 15 1160 0
30 19 1535 0
14 64 1657 0
13 47 1798 0
20 26 2117 0
31 29 570 0
5 4 1855 0
50 54 352 0
42 80 519 0
73 4 602 0
2 49 841 0
2 67 720 0
76 4 1022 0
51 54 270 0
31 77 2179 0
46 52 1876 0
76 48 33 0
74 73 804 0
4 55 1825 0
80 18 1433 0
59 39 640 0
79 64 644 0
50 4 846 0
31 40 1469 0
29 15 868 0
10 4 1163 0
7 9 1029 0
77 45 2538 0
80 68 487 0
45 28 1277 0
75 35 816 0
32 28 427 0
21 45 330 0
19 34 2111 0
74 77 716 0
20 27 629 0
64 18 1369 0
18 46 1289 0
59 14 1274 0
44 74 1021 0
64 28 1130 0
63 65 686 0
61 15 1248 0
42 12 171 0
74 70 564 0
34 48 545 0
23 40 1038 0
33 52 2123 0
4 27 817 0
9 28 841 0
60 1 228 0
67 12 934 0
1 51 410 0
52 31 1916 0
31 11 422 0
25 15 570 0
1 58 2061 0
80 65 1189 0
78 64 2080 0
16 47 1638 0
15 25 1219 0
22 28 1053 0
74 15 418 0
13 8 432 0
42 2 467 0
35 53 778 0
30 16 1504 0
63 28 728 0
2 67 909 0
14 79 239 0
7 62 2192 0
45 48 1531 0
70 46 329 0
5 37 370 0
19 5 2130 0
75 24 484 0
53 77 1840 0
59 64 81 0
20 64 1863 0
36 74 1071 0
47 15 1218 0
19 55 806 0
42 25 515 0
32 37 945 0
73 57 1978 0
67 18 190 0
18 41 648 0
17 52 788 0
35 50 752 0
75 73 1462 0
49 55 493 0
73 31 833 0
29 76 367 0
1 30 1839 0
66 15 307 0
7 38 1152 0
22 67 715 0
12 61 1413 0
53 56 680 0
19 40 611 0
43 60 102 0
5 11 410 0
10 34 352 0
68 34 659 0
25 59 1404 0
39 40 1648 0
46 52 1281 0
37 66 1995 0
20 39 993 0
25 29 799 0
21 28 1490 0
2 36 582 0
67 12 539 0
2 78 1611 0
56 72 393 0
58 1 1603 0
41 78 323 0
59 36 1074 0
79 74 1509 0
58 60 1158 0
64 55 1565 0
8 18 1879 0
64 71 704 0
21 47 2166 0
74 39 388 0
70 34 1493 0
13 57 823 0
16 62 467 0
78 77 185 0
23 40 1195 0
48 31 1004 0
11 25 1445 0
11 79 271 0
19 35 915 0
48 74 795 0
21 69 774 0
49 50 1064 0
67 59 816 0
59 52 1462 0
51 19 1021 0
34 44 1461 0
25 15 1597 0
70 74 443 0
20 8 1253 0
57 6 1483 0
60 8 636 0
15 11 332 0
47 56 526 0
39 28 779 0
32 51 220 0
45 6 2190 0
8 48 614 0
17 42 115 0
36 75 777 0
74 28 1327 0
30 70 693 0
12 4 319 0
76 69 278 0
59 50 2454 0
70 2 406 0
21 56 1092 0
21 9 99 0
3 79 283 0
58 57 1490 0
1 68 873 0
8 56 734 0
71 52 1740 0
32 25 1407 0
28 31 2249 0
34 19 1261 0
59 35 1058 0
50 75 1312 0
60 78 1764 0
61 59 1137 0
68 15 969 0
7 21 1736 0
70 32 228 0
41 4 851 0
56 64 1399 0
7 26 1909 0
56 53 309 0
1 37 1260 0
12 52 1915 0
54 31 1103 0
71 54 272 0
47 57 1639 0
48 1 1206 0
20 2 1986 0
7 35 712 0
25 66 694 0
20 44 433 0
50 58 103 0
58 57 1204 0
35 6 530 0
36 47 669 0
73 38 637 0
3 31 697 0
62 1 172 0
62 34 1821 0
66 52 1545 0
15 34 1866 0
44 3 397 0
27 62 890 0
18 16 1332 0
57 17 816 0
25 21 1654 0
28 80 1519 0
48 37 390 0
10 53 1530 0
8 6 687 0
70 47 2090 0
15 22 522 0
38 63 429 0
37 1 2281 0
29 37 946 0
62 11 1281 0
77 49 1082 0
76 33 172 0
65 70 776 0
11 26 653 0
12 71 122 0
21 6 918 0
48 8 1091 0
37 45 817 0
77 8 1424 0
48 30 1138 0
78 53 1560 0
43 2 1143 0
66 67 659 0
27 39 877 0
30 49 595 0
69 16 487 0
70 30 1386 0
34 64 2324 0
34 64 1834 0
19 27 748 0
47 74 1439 0
69 72 522 0
30 66 1465 0
47 26 1051 0
24 75 601 0
25 27 390 0
9 73 529 0
46 20 974 0
46 64 665 0
58 68 251 0
68 56 357 0
52 59 3030 0
40 9 1454 0
56 18 819 0
71 55 1000 0
52 48 574 0
22 21 528 0
71 18 605 0
25 69 674 0
77 80 1125 0
64 73 1092 0
41 50 880 0
34 21 1999 0
67 20 105 0
79 64 1243 0
37 33 1399 0
22 47 1422 0
12 77 1142 0
62 44 1237 0
34 48 1240 0
8 11 230 0
25 13 1009 0
31 3 1476 0
3 20 462 0
65 33 787 0
74 10 967 0
71 19 426 0
53 54 1304 0
25 6 288 0
59 52 2515 0
65 2 882 0
2 26 415 0
58 59 1629 0
61 79 618 0
31 6 887 0
26 34 1283 0
5 4 549 0
51 9 504 0
8 50 1780 0
40 23 1309 0
65 64 1078 0
9 46 394 0
67 13 1352 0
59 38 1074 0
37 21 714 0
48 62 1227 0
54 13 867 0
50 74 2228 0
69 59 956 0
59 20 2394 0
5 75 1295 0
39 38 575 0
37 11 1202 0
9 69 329 0
21 30 1904 0
40 59 976 0
79 4 772 0
30 59 2719 0
48 66 279 0
23 78 697 0
9 51 653 0
44 57 442 0
58 59 2222 0
77 45 1098 0
31 48 1242 0
62 52 819 0
29 75 908 0
31 77 2274 0
35 52 892 0
42 58 548 0
60 58 749 0
1 77 1750 0
10 74 1253 0
77 21 657 0
35 78 950 0
42 64 871 0
4 15 64 0
7 21 1227 0
75 29 1450 0
18 78 42 0
49 51 249 0
2 16 628 0
62 76 1330 0
14 8 625 0
73 60 1049 0
55 76 223 0
44 40 867 0
46 28 1549 0
63 50 1259 0
60 73 623 0
64 30 2204 0
48 9 250 0
41 75 492 0
50 29 549 0
9 68 552 0
65 2 1852 0
34 12 1405 0
10 19 892 0
66 77 917 0
19 22 410 0
79 57 1166 0
42 69 269 0
48 25 541 0
53 60 171 0
52 64 956 0
23 28 773 0
40 31 1400 0
22 68 572 0
37 80 1289 0
77 9 1778 0
32 29 560 0
8 61 924 0
39 78 2148 0
46 33 120 0
15 54 1128 0
62 51 1297 0
27 43 388 0
27 26 857 0
65 57 768 0
43 7 589 0
42 45 726 0
44 29 207 0
32 66 63 0
40 21 1502 0
13 30 1772 0
66 68 1192 0
80 73 1540 0
56 18 683 0
11 78 975 0
69 12 337 0
79 23 440 0
11 72 964 0
47 59 1688 0
34 24 1666 0
52 13 791 0
76 61 757 0
23 1 343 0
12 6 1269 0
13 29 557 0
48 47 701 0
31 44 972 0
54 2 1524 0
75 20 1051 0
55 69 392 0
44 77 1045 0
18 45 2422 0
71 75 346 0
58 33 1110 0
15 73 1633 0
19 69 964 0
66 53 198 0
44 41 179 0
32 31 551 0
34 21 1458 0
21 30 2025 0
14 77 370 0
42 49 26 0
66 45 973 0
47 45 2411 0
4 55 1201 0
29 23 1081 0
41 40 737 0
60 77 1234 0
48 1 840 0
60 35 312 0
24 76 452 0
57 49 738 0
32 17 321 0
22 45 1174 0
62 34 1105 0
50 22 1213 0
77 80 1275 0
45 67 2251 0
41 5 169 0
49 1 690 0
64 28 2159 0
4 22 858 0
9 26 177 0
31 42 501 0
49 2 479 0
67 64 1199 0
27 52 484 0
76 61 897 0
77 58 91 0
27 34 882 0
9 3 465 0
54 80 1568 0
45 60 886 0
75 34 963 0
28 63 1393 0
3 7 242 0
74 67 1708 0
16 20 852 0
42 65 610 0
51 63 1040 0
4 36 1470 0
76 63 468 0
30 46 1157 0
50 60 825 0
19 20 1892 0
32 34 1644 0
47 32 1191 0
1 13 424 0
67 11 400 0
78 1 1341 0
50 53 1608 0
40 42 380 0
37 41 610 0
44 26 350 0
58 78 278 0
20 70 1615 0
21 68 1050 0
42 30 576 0
7 69 644 0
2 5 2219 0
60 59 720 0
50 71 1285 0
60 54 353 0
74 55 1934 0
18 36 291 0
58 44 1164 0
11 45 1235 0
16 52 1089 0
18 76 1193 0
5 72 1335 0
77 59 2284 0
50 21 1193 0
41 52 390 0
76 61 677 0
4 11 694 0
5 26 1359 0
78 32 1001 0
40 8 921 0
71 18 1593 0
4 61 1770 0
28 21 1329 0
6 19 2148 0
55 66 672 0
31 36 1213 0
74 80 172 0
48 57 1099 0
55 24 1233 0
27 7 172 0
66 54 476 0
6 44 611 0
30 16 1370 0
13 21 154 0
36 40 693 0
4 58 1350 0
60 30 637 0
21 7 1636 0
20 26 942 0
49 28 920 0
11 47 1421 0
25 60 1556 0
62 58 1028 0
68 4 960 0
33 29 568 0
53 60 457 0
43 35 70 0
25 9 741 0
58 36 359 0
72 25 1186 0
40 22 779 0
44 79 89 0
25 21 2116 0
20 39 1514 0
19 51 1170 0
77 1 808 0
41 67 364 0
61 53 1202 0
40 75 705 0
51 66 254 0
21 42 772 0
37 26 916 0
54 39 962 0
67 13 778 0
62 48 973 0
78 15 1467 0
1 51 1236 0
54 45 1522 0
40 49 1066 0
52 48 768 0
9 20 1372 0
10 47 511 0
54 20 284 0
18 31 2206 0
4 27 863 0
65 72 1276 0
64 52 748 0
3 20 377 0
12 59 906 0
21 66 152 0
35 28 355 0
6 31 1247 0
62 73 1729 0
48 18 800 0
42 33 382 0
40 17 491 0
13 71 251 0
26 48 334 0
24 28 1808 0
32 75 773 0
39 25 940 0
17 46 208 0
40 34 291 0
4 35 1015 0
13 2 332 0
27 62 1216 0
9 43 473 0
76 51 82 0
71 70 236 0
73 48 220 0
43 37 1427 0
72 78 1907 0
30 21 1673 0
72 54 1431 0
61 2 2383 0
19 34 2244 0
68 46 805 0
39 38 708 0
31 5 1087 0
47 1 2207 0
70 57 528 0
44 50 973 0
61 16 1268 0
63 68 935 0
55 37 595 0
7 23 1000 0
10 16 722 0
45 69 728 0
20 29 645 0
5 41 425 0
44 64 789 0
61 25 111 0
20 45 1717 0
22 41 185 0
65 2 1386 0
75 29 903 0
45 35 469 0
68 69 110 0
47 13 511 0
60 30 1419 0
62 14 584 0
60 52 1876 0
45 26 160 0
13 6 663 0
77 14 360 0
54 33 1024 0
75 61 1278 0
37 57 934 0
55 26 1537 0
36 26 884 0
29 59 609 0
4 7 626 0
40 38 1078 0
35 8 377 0
6 2 2035 0
6 28 305 0
51 19 622 0
12 27 276 0
11 4 562 0
3 12 656 0
9 61 1361 0
78 70 679 0
76 52 1415 0
5 37 236 0
42 14 557 0
3 31 1125 0
67 41 188 0
14 31 855 0
52 1 1737 0
11 55 645 0
43 51 111 0
51 30 446 0
77 58 67 0
10 52 282 0
55 33 436 0
18 8 755 0
42 75 292 0
51 74 1062 0
24 47 764 0
43 16 417 0
12 8 335 0
71 15 380 0
4 18 2505 0
54 55 41 0
68 42 607 0
4 54 1717 0
61 44 1162 0
42 1 704 0
14 49 551 0
47 59 1876 0
45 6 682 0
70 34 1144 0
18 75 1038 0
34 62 2525 0
27 71 698 0
16 2 625 0
26 79 400 0
23 67 1378 0
2 33 288 0
21 52 776 0
45 56 694 0
53 6 1087 0
2 52 2451 0
45 38 859 0
75 74 64 0
47 9 1550 0
68 12 345 0
56 33 294 0
66 77 467 0
72 15 324 0
71 51 590 0
5 64 603 0
40 75 2098 0
45 40 1676 0
21 55 1346 0
61 31 797 0
8 52 1579 0
47 32 1163 0
8 77 2089 0
15 25 1007 0
31 29 752 0
2 7 2125 0
16 47 742 0
74 73 685 0
48 8 625 0
37 70 2287 0
16 59 460 0
44 45 911 0
18 41 1023 0
16 78 1588 0
75 53 186 0
58 42 806 0
74 6 1083 0
25 13 1686 0
14 11 324 0
79 34 1072 0
7 1 564 0
49 75 435 0
13 29 375 0
40 64 1461 0
33 14 476 0
22 1 271 0
11 41 426 0
22 45 1058 0
45 6 2062 0
36 77 436 0
28 21 1490 0
17 18 619 0
76 18 564 0
12 71 72 0
45 30 1551 0
38 59 1146 0
3 18 578 0
57 50 1437 0
47 2 1612 0
59 37 951 0
79 26 471 0
32 10 803 0
67 46 326 0
8 29 663 0
33 64 414 0
48 1 1108 0
42 25 1201 0
48 18 838 0
47 22 754 0
59 9 653 0
38 78 686 0
14 46 613 0
79 72 746 0
63 34 1557 0
10 76 491 0
6 17 555 0
12 40 674 0
46 61 984 0
7 24 1022 0
43 34 676 0
70 5 452 0
63 19 344 0
28 31 1114 0
40 14 397 0
72 65 1076 0
14 58 189 0
52 57 1783 0
56 45 525 0
9 48 772 0
80 48 253 0
40 45 1881 0
64 78 2267 0
30 68 211 0
41 2 752 0
16 34 1202 0
74 40 1561 0
79 4 1097 0
46 72 319 0
77 45 1968 0
27 60 279 0
34 10 232 0
43 37 1085 0
23 18 1679 0
46 5 324 0
29 13 929 0
15 34 1208 0
69 25 257 0
17 16 339 0
79 59 720 0
35 29 260 0
77 79 871 0
40 59 1854 0
16 26 505 0
66 55 1243 0
58 4 1069 0
25 36 305 0
63 30 1617 0
54 62 1745 0
37 63 1167 0
42 45 1313 0
79 47 467 0
80 7 1654 0
54 55 21 0
28 44 643 0
56 66 422 0
65 53 1129 0
21 50 2003 0
10 63 1317 0
71 19 657 0
34 59 1496 0
63 34 921 0
78 1 1377 0
30 48 877 0
67 74 734 0
52 62 2799 0
52 31 2742 0
10 78 541 0
70 4 244 0
54 62 1427 0
42 61 372 0
25 19 743 0
52 8 1388 0
39 29 747 0
37 15 2473 0
60 20 680 0
2 52
