20 50 200
12 7 432 1
16 50 6194 1
4 15 5962 1
31 46 1806 1
11 6 1776 1
30 49 2645 1
9 13 1783 1
7 33 3476 1
37 33 1694 1
13 18 1060 1
38 16 5962 1
25 30 484 1
12 48 8617 1
16 21 1729 2
8 42 1305 1
48 26 6885 1
47 30 9372 1
30 12 11280 1
16 1 9474 1
34 48 5289 2
48 10 411 3
30 24 6196 2
24 48 9892 1
17 45 2432 1
41 33 5466 1
22 47 6269 1
6 13 1802 2
12 19 3851 2
37 47 222 2
50 31 268 1
11 34 2074 1
36 35 2280 1
9 45 1541 1
8 33 1147 2
43 13 6948 1
21 31 349 1
15 30 3968 2
31 11 3029 1
42 30 3507 1
43 1 2604 1
16 48 8287 2
12 19 5713 2
30 42 1164 2
17 13 2631 2
41 31 1352 1
33 4 4017 1
46 33 1753 2
11 6 8129 1
16 5 1583 1
31 45 3694 1
49 11 2137 1
4 43 5429 1
1 33 7828 1
25 24 791 1
45 24 2618 2
11 24 4529 1
15 30 10813 1
41 33 1426 2
1 18 45 1
20 17 864 1
38 17 187 1
19 27 1614 1
10 2 1292 1
20 43 2744 1
32 31 3229 1
6 45 2272 1
1 39 4643 1
13 16 3005 2
20 16 10553 1
46 39 4804 1
23 34 823 1
6 20 750 3
6 45 262 1
32 24 88 2
42 13 4152 1
15 46 6814 1
6 32 7458 1
31 13 5358 1
11 28 259 1
20 47 6638 2
21 33 6800 1
4 16 375 3
33 50 5659 1
42 4 4887 1
43 11 2226 2
9 48 1232 1
33 19 3723 1
31 30 2618 2
37 43 1652 2
30 16 7418 1
10 32 517 2
47 41 1270 2
15 30 2005 2
34 20 4670 1
40 47 7686 1
35 40 2716 1
47 45 1894 1
47 50 3259 1
27 13 349 1
43 21 2208 1
15 30 9636 1
20 5 3532 1
37 49 3205 1
48 10 6922 1
17 20 3809 2
19 18 6251 1
16 1 9706 1
16 45 5107 2
49 19 4276 1
48 6 323 3
4 44 1381 1
16 32 343 3
3 11 2261 1
6 30 523 2
48 29 7503 1
15 37 2510 2
30 18 378 2
37 42 9370 1
42 40 3942 2
17 13 3957 1
6 40 725 2
12 1 9187 1
10 50 1004 1
40 47 6488 1
32 35 3357 1
17 48 5138 2
17 21 4908 1
39 30 4991 1
28 20 1896 1
37 42 8835 1
26 1 565 1
17 48 5745 2
46 6 3152 1
43 37 3451 1
11 47 7035 2
37 47 2376 1
19 42 540 2
6 11 223 2
16 46 6554 1
28 46 1672 1
16 30 3217 2
13 29 475 1
4 6 1622 1
48 34 601 2
44 33 919 1
17 11 10465 1
17 45 3408 2
45 31 797 1
1 39 4256 1
17 11 9572 1
45 33 6789 1
22 17 2068 2
35 45 4879 1
20 16 2211 1
14 16 133 2
11 34 3474 2
15 48 3859 1
15 44 134 1
36 15 1085 1
47 13 589 3
49 13 2889 1
30 24 6665 2
34 40 7333 1
35 30 128 1
37 15 6431 1
33 44 407 1
37 33 11799 1
17 27 1142 1
22 6 4636 1
14 16 720 1
35 1 748 2
41 17 284 2
33 40 5125 1
30 12 813 2
19 43 2544 2
38 11 1693 1
14 47 4393 1
48 28 3909 1
5 6 668 1
33 19 6007 1
15 20 3495 2
12 21 2034 2
16 11 6539 1
47 46 484 1
1 33 3924 1
10 23 1650 1
32 47 5043 2
19 26 364 2
16 11 4324 1
18 19 1469 1
3 16 2250 1
23 48 569 1
26 11 2059 1
26 11 6580 1
6 20 4126 1
16 20 13491 1
30 33 6323 1
35 40 130 1
40 12 9990 1
4 33 3494 1
48 16
