1 2000 5000
389 495 73216 0
491 884 73307 0
1904 1654 73421 0
216 1710 69782 0
1527 814 93546 0
1459 780 93043 0
1149 286 87128 0
1593 990 78613 0
672 186 92248 0
711 1481 73005 0
1006 1590 20526 0
424 1612 84858 0
1102 543 82516 0
1941 1603 98862 0
221 1028 97744 0
969 1120 94137 0
270 763 82165 0
953 689 65434 0
344 1182 87539 0
386 135 43801 0
1934 1914 82279 0
1134 866 61256 0
1137 124 85537 0
1260 1696 88703 0
618 365 80050 0
220 342 51061 0
1061 1045 48250 0
595 1594 59597 0
1482 606 95429 0
847 36 52572 0
1570 1316 19988 0
1798 1588 46733 0
1008 1559 62243 0
1765 965 83239 0
1074 980 59122 0
1910 1442 92903 0
793 1855 79544 0
1889 696 51963 0
291 1630 61245 0
1364 862 68539 0
1466 1756 73531 0
957 826 13804 0
1270 808 51471 0
629 73 94524 0
1721 1665 54876 0
1233 1933 40604 0
220 988 19821 0
180 1827 79629 0
1791 1847 65243 0
132 1379 49892 0
1451 1416 94564 0
1025 1359 83716 0
1767 1764 93501 0
474 387 58763 0
181 1820 58210 0
1051 1386 44134 0
364 1343 57617 0
1877 1863 57770 0
1403 719 67488 0
633 1385 37724 0
696 1968 87942 0
1006 1231 53325 0
1852 1223 95448 0
1113 136 77820 0
701 956 74834 0
910 1378 50952 0
1393 1587 82258 0
110 221 81669 0
1768 382 37287 0
41 1201 85277 0
1014 1190 74952 0
43 1263 99267 0
1709 553 60151 0
776 1220 96869 0
1959 1063 46945 0
1883 1635 51048 0
1196 368 73594 0
237 1144 57345 0
1301 135 65134 0
1197 1820 68681 0
155 1875 37098 0
1569 909 97737 0
781 1960 43827 0
1995 1796 33922 0
1160 90 94032 0
1773 1338 95053 0
1911 13 90659 0
1885 506 50134 0
1015 325 36435 0
706 716 90046 0
867 1136 90933 0
679 115 60062 0
1574 186 64432 0
5 671 33504 0
1505 1498 57460 0
325 1322 98482 0
190 966 74785 0
848 1362 80347 0
214 1719 81703 0
1528 407 61430 0
126 1090 58497 0
1622 1410 72750 0
1901 947 40919 0
1118 512 17310 0
162 957 40268 0
576 1164 51406 0
966 1672 90245 0
42 1887 71895 0
1768 857 91762 0
1863 128 54981 0
1911 428 11694 0
1100 422 74231 0
1699 1974 43458 0
1694 566 61075 0
1129 166 95575 0
1859 1634 11800 0
125 571 23964 0
254 1280 79709 0
1933 829 74086 0
1085 985 46614 0
1689 670 94558 0
1149 791 87379 0
857 327 64371 0
343 1662 64212 0
1813 380 66795 0
822 1908 89475 0
152 488 50695 0
1038 1523 82962 0
89 935 72440 0
1622 115 97991 0
1354 102 58630 0
1807 1177 46482 0
740 1493 59415 0
1613 268 90964 0
1199 1969 75104 0
1686 724 95150 0
1580 1138 54931 0
375 1775 81193 0
285 267 85239 0
387 327 99711 0
675 1840 55645 0
648 568 77181 0
1443 657 98856 0
500 1128 50033 0
1783 967 57791 0
10 581 16208 0
1233 539 59134 0
540 392 93877 0
1687 678 95534 0
1249 381 61900 0
28 920 30473 0
1579 1788 41289 0
1448 1875 86619 0
861 1380 74945 0
916 763 63545 0
930 1462 65355 0
42 1433 25183 0
294 1197 93187 0
1300 817 45276 0
785 1049 64201 0
1660 1868 45718 0
1577 61 39452 0
35 1936 87822 0
1901 454 68902 0
575 739 81803 0
1083 711 66114 0
1196 22 50661 0
365 1696 20524 0
212 99 78810 0
1808 1796 37820 0
1076 1343 93666 0
368 1040 76282 0
1347 523 53320 0
1034 1756 75220 0
1283 786 75539 0
874 1176 41135 0
1644 309 88364 0
1873 1280 73724 0
149 624 49094 0
1393 350 91671 0
705 1369 87677 0
1265 214 62069 0
594 1816 69070 0
1846 1909 89186 0
1963 43 53310 0
1404 1832 27378 0
1118 37 84168 0
1277 1435 73854 0
1143 1853 88505 0
1161 723 81652 0
1711 667 25391 0
1506 1162 84293 0
1100 706 58107 0
969 1160 77595 0
2000 12 52753 0
1197 113 39174 0
481 3 49445 0
248 921 82630 0
53 1241 84590 0
1664 651 53659 0
1008 1304 36636 0
918 941 83750 0
533 465 61719 0
923 1577 58632 0
605 408 88427 0
1013 1969 99381 0
624 278 67153 0
418 1749 55999 0
546 255 24550 0
1530 1441 97063 0
1575 414 86520 0
628 946 79308 0
1741 982 60054 0
737 1261 16838 0
944 1051 33287 0
1178 329 72580 0
1267 574 55507 0
1426 184 88589 0
828 1248 63824 0
503 1093 95414 0
345 1403 58159 0
1097 29 87451 0
1311 1596 64344 0
420 1515 92516 0
1416 1812 43657 0
1369 606 98787 0
18 1635 57634 0
1117 154 95605 0
538 27 66053 0
395 455 96033 0
222 591 65521 0
1739 955 94941 0
1111 49 95595 0
185 1375 9586 0
482 306 91634 0
1726 893 72799 0
1144 1089 99862 0
1333 765 83722 0
8 1868 90318 0
212 1080 84444 0
790 1938 63098 0
1686 1684 59663 0
219 1594 60019 0
1652 1825 68290 0
1266 103 42661 0
1978 961 15325 0
24 688 26021 0
1714 1497 44742 0
1061 842 3648 0
1682 423 13163 0
772 1610 67367 0
1584 653 73236 0
1686 645 66121 0
109 139 90424 0
1446 1942 44001 0
190 1555 37800 0
243 1720 42110 0
1191 1919 59152 0
663 1593 32262 0
825 273 90604 0
316 9 95112 0
431 233 51445 0
1008 540 99144 0
482 1943 50595 0
775 673 66357 0
427 81 57486 0
1280 1007 92617 0
1349 759 66116 0
1903 1068 75696 0
1955 1691 48211 0
1565 1664 99248 0
1713 155 60489 0
450 735 75741 0
590 1664 75789 0
289 539 99062 0
99 1702 99285 0
1556 1775 78155 0
1160 1107 87448 0
749 1765 98520 0
1609 501 80256 0
313 582 76346 0
666 607 71312 0
652 477 33038 0
824 78 99860 0
1229 1238 71736 0
1340 908 68318 0
1389 611 74382 0
1035 898 57841 0
664 714 65157 0
829 801 48883 0
1756 513 59838 0
59 1985 84281 0
461 518 31466 0
391 202 69300 0
1857 854 51549 0
249 1997 96696 0
1598 964 76015 0
753 783 3132 0
970 1764 89900 0
958 715 67779 0
412 743 30952 0
915 396 36974 0
475 1629 75238 0
976 679 44667 0
1926 524 14261 0
990 1556 62391 0
1999 1070 69324 0
1616 800 74037 0
478 837 61811 0
247 1768 85059 0
94 1223 50064 0
1411 1863 88280 0
1005 1099 58621 0
655 1988 86960 0
785 1173 83115 0
1295 1423 43884 0
1928 475 94423 0
242 1216 94802 0
157 1628 27571 0
100 910 84273 0
899 1011 44455 0
1552 494 86882 0
1835 560 80328 0
69 767 65470 0
1431 1887 92095 0
1511 668 91376 0
1323 604 60254 0
706 1812 64831 0
1384 1891 12800 0
1878 931 88159 0
192 1462 84575 0
692 838 64588 0
669 1832 78373 0
420 1350 98607 0
549 1299 50242 0
423 466 32152 0
775 1915 57639 0
886 1100 57902 0
725 384 91450 0
1776 93 89719 0
747 1255 86488 0
467 1522 47397 0
982 935 63016 0
1722 1832 12357 0
1619 960 53408 0
1141 1770 72230 0
1956 692 99695 0
1998 1723 33761 0
1654 322 88357 0
1003 407 33897 0
1684 107 82141 0
1062 1113 78472 0
467 1184 87331 0
571 391 36260 0
1330 1220 74486 0
1461 918 31086 0
1748 882 64197 0
290 217 46102 0
523 331 53196 0
1952 1466 99212 0
1704 1728 31507 0
792 1964 66460 0
487 810 78195 0
1530 824 63684 0
450 129 85434 0
1481 1601 99965 0
1680 26 49248 0
605 654 97723 0
1550 856 86322 0
1608 1743 73082 0
1207 105 11485 0
989 216 96907 0
304 1112 62065 0
196 1529 92830 0
56 211 97073 0
989 784 91392 0
1346 1697 90860 0
580 1334 69861 0
1665 1544 41640 0
1948 1728 66646 0
643 596 61684 0
1451 1969 66225 0
238 1728 49426 0
592 1239 14249 0
810 544 84913 0
1321 248 44983 0
1395 1717 59862 0
333 656 70835 0
9 893 61751 0
1250 380 95970 0
144 1124 57654 0
103 241 38402 0
784 1241 68958 0
666 196 93184 0
1612 735 95117 0
683 384 38205 0
1927 1583 58749 0
801 439 49976 0
260 1154 56844 0
1002 698 83847 0
303 905 88593 0
1574 1794 59720 0
221 995 70269 0
1730 1175 91156 0
1432 79 90738 0
222 525 84857 0
722 1771 59815 0
642 709 27176 0
1005 1893 38990 0
1334 430 95456 0
18 1035 28815 0
1402 1013 72921 0
364 1595 18849 0
1548 180 83417 0
1291 698 88057 0
419 302 85459 0
71 1039 93360 0
739 1923 96854 0
206 1076 52274 0
346 1619 71336 0
262 1454 87063 0
1725 1852 50473 0
767 1048 58834 0
1931 1620 90245 0
1630 1197 83273 0
369 1115 20591 0
1250 1498 21309 0
1683 624 52419 0
1582 1477 73990 0
1965 355 24638 0
1114 42 89972 0
639 393 61178 0
1434 484 53335 0
849 1573 62398 0
1513 876 83092 0
288 898 95162 0
1202 1162 81757 0
1568 262 19091 0
516 1484 60124 0
556 406 73857 0
903 1871 58626 0
140 1095 44821 0
919 1410 45529 0
65 1243 88069 0
1605 1584 42779 0
88 1484 51616 0
856 1253 60828 0
1350 69 70054 0
1803 1432 82485 0
428 246 69526 0
1239 1575 93256 0
1775 425 46216 0
508 1889 9425 0
346 313 92583 0
1848 499 37364 0
429 622 98407 0
406 806 85616 0
1502 419 92083 0
1621 421 82465 0
165 1150 66143 0
1193 1084 48511 0
433 1810 43364 0
1025 661 67148 0
1571 1339 87899 0
624 202 87616 0
529 592 63123 0
171 302 68020 0
1586 596 23345 0
1038 487 53132 0
101 1316 28860 0
40 419 46749 0
262 793 63797 0
342 486 38434 0
1829 791 39658 0
105 628 77905 0
1373 1768 52660 0
839 1754 88855 0
943 145 71594 0
1285 201 87086 0
1112 1878 61724 0
261 172 92188 0
509 1518 85910 0
1529 1385 96385 0
1951 420 57968 0
106 697 68103 0
1196 492 35097 0
79 1022 61593 0
1236 1058 80467 0
1995 1253 85909 0
1938 291 81633 0
739 1513 38988 0
1185 234 68035 0
836 699 92496 0
967 653 83987 0
1548 902 57451 0
481 1308 48774 0
1787 923 68822 0
949 1728 53978 0
903 1647 57475 0
242 669 78645 0
1857 245 51651 0
947 1655 83794 0
1732 223 92663 0
166 565 81095 0
1206 81 66174 0
127 265 83234 0
1225 385 58946 0
1769 648 74590 0
596 412 46260 0
1956 1751 49408 0
24 320 73558 0
85 1043 81808 0
74 732 87641 0
873 1225 94713 0
1729 636 89712 0
1969 950 41868 0
1724 1346 77892 0
401 1195 73653 0
1048 1399 89923 0
949 1808 86106 0
124 923 56874 0
1582 322 93073 0
953 748 93942 0
1988 1819 26089 0
70 971 65859 0
466 412 79417 0
729 478 53956 0
1649 1826 89546 0
1491 732 43851 0
1512 783 54360 0
5 841 88703 0
1467 1465 15174 0
1968 1483 46836 0
1912 1508 65299 0
1723 389 92959 0
911 1359 97679 0
740 1972 98398 0
194 1797 94961 0
348 739 80448 0
630 1203 57785 0
913 556 43714 0
1466 365 46385 0
1068 35 28802 0
1754 1441 62866 0
1809 557 64951 0
16 635 88742 0
938 823 81534 0
1629 1082 52171 0
118 1502 97448 0
1185 498 42658 0
636 619 99087 0
641 1201 66425 0
1305 743 69324 0
1894 1886 23478 0
1021 610 82370 0
734 1181 84860 0
1577 104 78670 0
1663 351 71067 0
1415 223 75480 0
1870 1303 56269 0
138 62 90048 0
777 1783 59076 0
1618 699 99423 0
1337 1434 56691 0
1458 1334 62315 0
345 1933 61037 0
1183 611 69230 0
678 1447 87726 0
932 1380 22811 0
1173 63 85038 0
1583 1238 74777 0
1007 1977 72225 0
1515 1675 96854 0
1737 738 24851 0
266 897 61768 0
592 1670 98443 0
675 1280 70203 0
760 185 59798 0
195 131 71272 0
1872 1312 60853 0
1642 1458 85062 0
1117 28 91140 0
1971 1807 94916 0
942 1231 84775 0
831 687 95714 0
509 147 69013 0
1997 1023 63841 0
1430 1701 20864 0
565 947 81892 0
1398 797 46322 0
1187 1058 78851 0
478 1817 99441 0
646 945 78594 0
1336 940 52582 0
1423 1721 77982 0
1416 1211 80032 0
1786 1122 85740 0
1295 5 97085 0
503 132 86956 0
144 934 66072 0
280 544 49721 0
1545 913 75877 0
1054 233 99553 0
1403 288 62448 0
1835 756 90744 0
1305 297 55238 0
967 434 95370 0
304 564 95750 0
1911 1616 68308 0
1286 1458 78248 0
386 1271 40229 0
74 1471 90168 0
1758 1397 54716 0
1763 358 96581 0
1406 1434 13107 0
21 13 83824 0
487 208 69585 0
1832 1880 46616 0
719 1933 30407 0
313 346 36622 0
1615 1791 28118 0
335 491 35891 0
1771 1667 65144 0
1142 789 25975 0
1495 273 94480 0
89 74 88289 0
1214 1408 6928 0
76 1224 81341 0
552 985 74690 0
694 536 51811 0
332 1489 89150 0
1693 1610 11824 0
1286 70 68618 0
909 1474 84717 0
785 1434 49962 0
456 828 51314 0
1999 557 44081 0
14 323 34041 0
1930 972 75502 0
885 772 77772 0
968 1315 88599 0
1159 530 33275 0
1795 1737 64215 0
174 1201 84675 0
636 311 39117 0
641 1833 99240 0
1115 951 77309 0
1676 1534 26308 0
1749 612 98578 0
1485 1502 74082 0
732 1815 88168 0
967 1648 40358 0
384 1929 25268 0
1170 1480 71419 0
1294 635 94123 0
1372 816 70898 0
1992 608 36861 0
1937 346 43391 0
514 1425 83577 0
1867 531 39783 0
1082 1735 81100 0
351 1041 73001 0
1310 1708 25742 0
829 568 20148 0
100 1393 73161 0
1212 1907 96503 0
731 1947 20185 0
444 1199 49305 0
1934 1102 66235 0
1521 217 38592 0
187 1193 82248 0
818 1476 16433 0
1190 354 80694 0
1940 945 97092 0
903 1625 32614 0
365 309 80355 0
847 923 57259 0
268 1517 80532 0
1536 1272 87580 0
1245 1051 65673 0
179 940 71829 0
676 687 25188 0
1213 144 37840 0
1762 933 36793 0
599 199 57834 0
1644 1866 59031 0
217 706 89552 0
643 935 71153 0
69 322 59125 0
1597 1828 68555 0
667 804 79309 0
1736 1131 7833 0
328 390 84731 0
29 823 67097 0
439 45 75237 0
1060 1082 95213 0
402 1430 39541 0
1012 310 98536 0
449 1439 49670 0
511 1199 99993 0
514 835 33730 0
1256 1318 33695 0
562 153 62749 0
1337 1385 28718 0
956 414 86528 0
1916 572 27917 0
661 1181 95540 0
76 19 35900 0
156 1172 44766 0
451 1259 50800 0
231 1278 93666 0
1667 50 81550 0
1049 1516 35316 0
471 1701 69768 0
804 1666 19173 0
1504 312 54708 0
656 59 62858 0
608 682 88819 0
846 666 85019 0
404 991 57911 0
368 1190 73809 0
1531 583 69307 0
599 813 38743 0
832 1055 45375 0
1048 824 97100 0
714 1273 90900 0
315 1965 96409 0
821 1988 74837 0
1414 285 89797 0
1026 670 86569 0
1082 1577 59174 0
969 358 28092 0
1870 1344 17729 0
1223 759 55182 0
839 681 12996 0
1932 969 90672 0
1151 1776 71229 0
530 1206 22211 0
241 500 53790 0
1840 1934 55127 0
960 1556 77408 0
1965 674 44982 0
1188 497 64307 0
850 780 75171 0
1239 1573 93400 0
59 1030 80990 0
396 1291 69763 0
941 971 83611 0
726 797 25936 0
1102 545 32604 0
1270 1645 87597 0
1509 961 71578 0
420 839 33760 0
8 1139 58857 0
1546 711 71673 0
975 1787 87067 0
1636 1185 90095 0
768 917 32064 0
887 629 56043 0
1858 1942 85972 0
312 1513 73982 0
1648 820 26668 0
140 1175 68661 0
1102 681 83474 0
1526 134 90529 0
1828 726 48391 0
575 1691 97367 0
567 468 64860 0
274 180 80109 0
10 611 84154 0
401 675 88577 0
1743 1378 50764 0
326 1437 55411 0
225 894 67945 0
364 657 53802 0
784 827 94176 0
1072 1984 90005 0
1966 1065 78990 0
252 1866 90876 0
1491 913 80884 0
341 1216 69457 0
52 93 51148 0
1371 912 62071 0
1398 445 93671 0
865 533 56597 0
1416 1070 22151 0
1368 1048 68714 0
1241 116 73238 0
1329 190 45194 0
1237 393 89925 0
1967 312 39262 0
80 1440 78271 0
1823 1515 78331 0
921 419 74146 0
1078 1144 40861 0
1861 372 16582 0
1063 590 72354 0
729 1366 81392 0
603 649 26889 0
1376 1265 40906 0
541 75 95163 0
240 1939 97502 0
69 1866 92828 0
756 797 25066 0
160 864 13258 0
1689 1223 89560 0
1357 1484 66234 0
1154 955 39891 0
1858 1043 63886 0
1534 1408 75731 0
823 1804 53540 0
1689 1284 82544 0
1224 1429 70321 0
1844 476 40062 0
1130 495 85739 0
994 1069 92227 0
651 1217 27138 0
632 477 60871 0
596 988 73184 0
1819 1359 89086 0
1031 708 25946 0
678 1547 92876 0
260 504 52338 0
712 1913 99013 0
538 1037 52218 0
1082 411 69096 0
1666 1720 57915 0
964 1205 64021 0
625 490 57879 0
418 1993 51299 0
173 1486 35282 0
277 251 88386 0
1638 414 70425 0
405 347 78541 0
903 1225 88207 0
1649 1847 26729 0
1515 1102 71415 0
1631 1832 67075 0
1399 1066 10356 0
967 798 88096 0
545 62 54808 0
1674 189 75436 0
219 369 12182 0
17 521 69221 0
1028 1082 95477 0
470 330 54165 0
3 1933 45629 0
1252 1080 67789 0
372 548 25653 0
1706 447 67825 0
283 527 87872 0
1072 1963 91335 0
1970 684 74064 0
438 1884 14232 0
523 1245 45499 0
1280 534 81250 0
1975 542 72063 0
709 1462 64956 0
736 1428 68183 0
1153 466 90933 0
191 279 83613 0
246 1334 92411 0
1811 1692 66849 0
1803 1886 95149 0
1180 66 60049 0
1536 1928 11157 0
1810 813 62592 0
1333 63 95885 0
465 1417 66927 0
627 883 78523 0
777 35 83027 0
1771 883 83716 0
722 544 98597 0
1434 476 71924 0
363 660 16184 0
762 100 31329 0
1422 1517 86166 0
1732 364 16230 0
1868 1502 94228 0
1624 1017 46361 0
907 1723 87134 0
55 1757 27192 0
190 1100 74929 0
1152 125 47911 0
1571 1091 19610 0
616 1144 78272 0
1264 1133 42103 0
1032 824 62889 0
647 1026 97987 0
1970 574 92684 0
1288 455 95534 0
1937 313 22244 0
1392 1269 72674 0
592 43 77692 0
348 1287 99718 0
992 1632 64975 0
607 1307 83732 0
561 1141 50555 0
432 531 92696 0
451 1422 37895 0
226 1988 17042 0
1504 1561 65677 0
1675 1199 66060 0
1348 991 66647 0
192 1060 61334 0
373 1837 89825 0
1084 1536 75255 0
1919 116 45739 0
1841 1816 98523 0
67 1595 70386 0
1820 265 72365 0
633 35 54749 0
270 1811 73092 0
881 1780 51072 0
1354 1746 28959 0
1798 2000 97379 0
409 1418 85074 0
820 666 84153 0
1740 149 86000 0
1033 217 93857 0
66 1967 50363 0
264 104 85932 0
604 411 68735 0
1837 1694 84242 0
1617 926 98258 0
269 1649 89723 0
600 1315 83305 0
1953 1718 64989 0
1016 1832 26738 0
1418 1847 68281 0
275 1978 69598 0
523 11 97171 0
1085 1321 20059 0
571 1218 16798 0
611 324 88523 0
360 691 73207 0
832 43 93540 0
1490 1908 87220 0
91 212 61377 0
276 1183 62377 0
1942 1396 46062 0
383 602 96687 0
42 1175 55054 0
1592 1835 40536 0
1815 565 94899 0
1091 890 31453 0
1489 89 63847 0
427 1925 96307 0
453 1180 68243 0
1010 738 98032 0
1901 1317 72703 0
1547 683 61127 0
1310 1689 92107 0
1316 1490 66686 0
1645 776 15410 0
1958 35 98967 0
266 1512 74806 0
820 1173 76987 0
1380 1456 30043 0
637 481 99755 0
1225 786 83480 0
197 602 77231 0
301 1023 93502 0
1051 1568 68341 0
507 1229 73233 0
1150 1530 10840 0
321 1427 48581 0
946 1882 65482 0
1401 444 75187 0
1962 1466 71494 0
888 1485 60510 0
717 1335 48599 0
389 1723 55058 0
1196 1378 83396 0
251 652 64096 0
443 1862 89260 0
1459 579 88347 0
1256 18 49257 0
1869 1614 98084 0
399 655 97391 0
1156 251 77238 0
737 89 70353 0
344 726 50137 0
475 663 27282 0
930 1060 74987 0
825 1009 72789 0
1180 799 90713 0
897 1041 95774 0
112 183 64100 0
1543 133 35488 0
1718 1951 85438 0
456 57 34966 0
205 1678 94035 0
1577 678 47687 0
1796 1551 52582 0
1882 895 51470 0
1134 1967 31099 0
961 1502 50292 0
1230 979 83225 0
1494 569 42890 0
1705 1329 95547 0
955 71 33140 0
536 1837 76877 0
1053 793 99398 0
1975 542 60862 0
1345 1243 87981 0
847 913 90306 0
1043 1765 64141 0
354 1941 64857 0
919 1785 43442 0
1632 1071 59012 0
1113 1548 95009 0
1347 266 41329 0
746 1463 84620 0
1415 195 21010 0
1238 1974 94444 0
1139 1068 64629 0
984 1827 96576 0
1719 1387 83099 0
1344 38 98318 0
1749 1993 84125 0
217 1139 99773 0
6 1314 55058 0
496 963 88509 0
163 1092 15992 0
432 1923 97161 0
75 763 94528 0
1664 1438 60994 0
1180 1103 61897 0
1846 1976 73364 0
1194 91 27305 0
994 210 46495 0
914 1911 46388 0
1657 1104 83255 0
33 1935 96305 0
1348 980 51844 0
1269 584 78119 0
295 809 96241 0
366 1224 35294 0
1764 655 62084 0
1358 212 72657 0
926 369 83719 0
1631 1238 85835 0
1502 1227 87488 0
1894 1203 69818 0
1848 1138 85356 0
883 744 89658 0
1961 649 98814 0
1438 1128 49603 0
1010 135 67332 0
192 659 37961 0
1007 950 65246 0
1253 1674 96293 0
1609 1779 72283 0
1707 13 86612 0
933 1138 79424 0
786 510 79704 0
542 297 85859 0
1217 1554 44416 0
404 12 27519 0
355 364 25177 0
1940 1318 89607 0
925 1752 77257 0
1239 374 18254 0
91 929 99231 0
1407 1236 45634 0
1144 887 61709 0
1208 1296 53319 0
395 386 96567 0
1331 1520 98559 0
1344 1870 20151 0
1590 1369 90398 0
1194 615 98785 0
474 1298 57026 0
679 154 87155 0
1908 576 87163 0
825 773 72349 0
751 1505 77444 0
609 841 76949 0
1558 1448 15294 0
1920 90 25751 0
89 1081 83482 0
920 1470 13694 0
1128 138 64584 0
1598 621 36603 0
1803 264 67218 0
1899 25 80677 0
300 1781 47456 0
1157 790 98951 0
320 1834 89518 0
1907 1170 79377 0
1583 1578 83917 0
674 1874 29338 0
909 1540 17481 0
1699 806 50726 0
1077 272 76931 0
1026 490 4152 0
800 632 95322 0
542 313 12006 0
1492 583 14917 0
206 645 62309 0
480 324 47741 0
194 782 7821 0
117 605 91769 0
1941 354 40812 0
1719 163 73855 0
397 1010 48536 0
774 785 98890 0
1451 645 71696 0
1806 875 80910 0
1230 1846 88701 0
1168 1557 62331 0
63 147 50301 0
642 44 78578 0
360 423 77427 0
7 1500 67511 0
550 584 37375 0
843 1512 66851 0
214 1299 73338 0
1441 1292 49345 0
387 144 80969 0
811 1116 13921 0
1127 418 62173 0
754 946 10818 0
684 1743 88081 0
1167 353 84222 0
1659 878 66166 0
1113 1500 53634 0
312 1635 83716 0
862 200 13776 0
1292 839 81056 0
1935 1122 97237 0
1932 1154 14440 0
1907 1098 88988 0
1744 1529 57485 0
510 831 91615 0
737 295 81444 0
1848 597 97373 0
472 1786 71268 0
289 243 48028 0
625 1677 39355 0
211 886 96041 0
1371 1054 94311 0
266 1674 83056 0
809 690 44769 0
269 435 84516 0
1352 1951 41638 0
848 732 74033 0
1489 1741 88806 0
1249 1149 62052 0
922 625 67210 0
1926 868 43849 0
150 632 85157 0
908 355 84074 0
1606 337 82974 0
219 1235 84622 0
35 578 49849 0
202 760 72034 0
527 574 5468 0
1886 1410 55153 0
714 1786 45629 0
344 105 70032 0
1619 1466 69670 0
1236 1995 83029 0
847 923 60760 0
1769 968 97537 0
73 687 81779 0
1493 1205 25463 0
1861 404 94511 0
1396 324 92330 0
1772 589 86378 0
87 488 84378 0
1195 505 50748 0
1805 621 84044 0
1373 751 66850 0
1328 1646 55562 0
918 1835 55120 0
578 1067 14016 0
828 1202 80920 0
1546 1152 96080 0
111 940 54420 0
246 961 63502 0
495 447 65792 0
971 105 73921 0
73 1551 51416 0
1423 1715 29195 0
1387 1152 98079 0
575 1344 91929 0
1889 1483 86668 0
464 1567 97335 0
1452 1766 98172 0
998 929 80781 0
1468 1982 30183 0
1572 1443 88991 0
1330 1154 94546 0
191 952 43664 0
1924 507 61992 0
1117 1904 39912 0
1125 183 99114 0
597 764 42090 0
658 1972 83339 0
975 443 85258 0
1075 802 97069 0
1164 1157 82745 0
1643 1715 91521 0
741 87 68560 0
796 1025 64987 0
1280 1794 34781 0
726 706 95431 0
1767 442 97125 0
1272 1181 97090 0
1821 1191 52651 0
578 1156 17761 0
636 1001 71559 0
758 1187 19651 0
1615 259 42364 0
1911 1067 40126 0
1770 526 64451 0
88 829 73286 0
1631 242 94230 0
942 1359 30418 0
350 808 27835 0
158 266 28471 0
1916 1931 84889 0
1788 1373 95762 0
1101 1364 97969 0
1178 1372 80871 0
185 33 99467 0
146 1405 35223 0
915 1357 76518 0
367 1348 54428 0
853 34 69382 0
402 1465 35644 0
1092 1493 89924 0
1837 1716 92353 0
1947 1134 58229 0
1995 749 77472 0
1059 842 52930 0
60 960 97827 0
1708 815 69045 0
402 1147 94598 0
54 1566 97584 0
1884 813 69518 0
1559 1008 57227 0
76 740 87418 0
1344 866 18143 0
19 1661 73147 0
1792 203 94602 0
983 1431 95317 0
1817 478 43862 0
184 920 84141 0
356 610 35093 0
287 1165 80152 0
1614 204 69798 0
1153 1057 87975 0
1433 643 62307 0
575 1387 39923 0
817 1526 62335 0
1329 1895 97861 0
305 1548 54784 0
633 1395 92562 0
651 1794 90629 0
972 1936 65147 0
680 400 16905 0
1781 1244 73490 0
1310 800 82600 0
1612 1019 80723 0
1884 1973 92294 0
1969 103 78742 0
333 948 38642 0
1690 1228 66178 0
695 420 63191 0
269 415 75242 0
231 1786 8065 0
797 845 79395 0
666 263 87867 0
81 1063 87815 0
1766 16 37589 0
180 697 51578 0
1074 1675 72175 0
1019 1645 45391 0
1923 304 60122 0
1204 755 71262 0
781 843 88319 0
1781 1414 7600 0
731 531 25112 0
1727 1292 57387 0
121 1191 75464 0
1723 671 53848 0
209 464 24626 0
357 1989 89968 0
1637 973 81084 0
1775 1547 78382 0
948 1180 96147 0
529 716 59888 0
689 1855 30393 0
609 1714 82668 0
388 1065 82999 0
1671 1095 45161 0
1595 1837 37431 0
357 1370 37051 0
1046 126 35088 0
204 1036 88657 0
1683 865 75830 0
1418 942 76864 0
808 1174 50942 0
1319 450 18351 0
311 1319 77854 0
498 1763 82469 0
1258 1255 98696 0
190 1861 63608 0
342 1770 50169 0
69 1199 39070 0
1607 1631 13955 0
971 706 80982 0
1440 1212 87005 0
1412 1088 39006 0
803 204 96049 0
1948 1495 54786 0
710 1790 88733 0
548 1288 73492 0
1967 59 20207 0
953 1040 59522 0
794 691 75398 0
1042 1684 28911 0
539 1456 52916 0
435 733 74204 0
341 879 61807 0
1101 439 68460 0
137 1152 78801 0
835 1980 94891 0
1550 1983 59679 0
864 852 1858 0
394 549 64141 0
23 1658 34763 0
447 118 72277 0
1172 401 98430 0
1540 30 62452 0
954 1787 91124 0
1560 1750 78398 0
433 1296 43556 0
955 781 80464 0
1745 552 26418 0
218 295 97930 0
1139 1068 64007 0
629 10 96255 0
927 984 98701 0
285 612 97489 0
376 199 72642 0
781 1941 47977 0
1274 716 77249 0
1186 176 57479 0
795 393 48542 0
1506 232 85707 0
1232 695 59959 0
1717 1677 50192 0
1649 1097 99058 0
1170 554 8958 0
1214 85 80222 0
704 35 91828 0
131 43 71487 0
944 659 91842 0
1699 598 98165 0
1765 1827 50340 0
1308 1883 34206 0
445 972 48612 0
1159 138 61412 0
709 1826 50855 0
1068 1509 32421 0
1300 796 42879 0
287 673 99297 0
301 249 99927 0
1981 1089 83998 0
1555 552 95241 0
1555 204 77388 0
1531 583 59416 0
1851 1427 52780 0
1035 863 96655 0
841 768 81696 0
357 191 48514 0
1282 964 31697 0
559 1942 61739 0
809 1880 14542 0
382 64 68869 0
1744 918 37718 0
75 1408 94799 0
907 1329 44950 0
325 1529 48049 0
1727 554 35448 0
1906 486 99584 0
1784 792 61949 0
59 51 66794 0
873 152 33972 0
230 1263 44451 0
236 755 53612 0
1146 1002 92407 0
1799 1420 82720 0
393 1988 59337 0
227 1424 83695 0
3 902 82280 0
511 318 83716 0
32 1782 89378 0
1339 1539 87613 0
335 1255 92268 0
905 476 43762 0
782 328 79836 0
291 1546 94986 0
1175 1523 55889 0
1350 840 60929 0
910 1847 97620 0
1399 282 84026 0
1787 1578 95100 0
1905 1540 57783 0
241 1198 32917 0
1490 600 85019 0
71 1043 10089 0
681 308 56606 0
1173 1917 97717 0
1870 1817 64939 0
1613 1497 50344 0
1432 255 94536 0
1806 516 85747 0
1454 1819 93304 0
498 144 72790 0
546 1472 38941 0
199 19 89079 0
701 888 32048 0
1099 1950 54851 0
1580 500 94254 0
488 1808 94221 0
1972 294 76900 0
1107 559 98130 0
810 109 15063 0
943 385 41301 0
1768 676 45521 0
296 1979 82307 0
1978 925 45572 0
1908 741 15347 0
440 365 95098 0
1474 1103 52894 0
1321 5 54546 0
931 739 75462 0
858 898 87851 0
223 1794 82815 0
1333 1783 89733 0
1282 1090 52983 0
252 1793 90723 0
1531 475 65490 0
1488 1715 53960 0
1158 1301 99598 0
952 1205 93922 0
872 1987 61281 0
1398 248 54113 0
1271 395 73523 0
1609 1813 79629 0
201 284 84923 0
1211 1401 58204 0
544 1254 36817 0
136 1257 72744 0
1915 1380 19413 0
1906 567 81867 0
1188 442 75345 0
774 1406 62543 0
1261 1466 8891 0
1480 847 63662 0
569 388 56152 0
1441 1243 34792 0
1337 1801 71025 0
1630 1985 23628 0
1407 1222 98634 0
516 87 90083 0
135 1749 40256 0
1798 500 8730 0
1683 835 46468 0
578 1067 27723 0
1532 1465 94785 0
466 1531 94464 0
256 683 89831 0
1562 1502 75831 0
179 952 30648 0
891 1599 50665 0
1042 444 96131 0
19 1169 71831 0
490 560 62430 0
278 225 42302 0
856 260 75613 0
929 1360 81522 0
1102 1317 58230 0
818 1333 15928 0
747 1925 35304 0
213 897 68204 0
168 17 54983 0
1447 104 74196 0
1372 688 44103 0
180 1995 51187 0
1171 1287 95678 0
1795 695 92808 0
1605 1476 75552 0
1094 187 75029 0
1840 1762 24891 0
76 472 36095 0
804 17 69183 0
1413 866 79653 0
1189 1110 76533 0
359 1058 90549 0
1822 45 95368 0
827 1093 73460 0
714 1400 78589 0
480 474 95888 0
1126 1284 93430 0
70 1595 87460 0
1056 57 96315 0
567 1621 94544 0
1997 1444 40893 0
1690 1975 49685 0
937 1259 52715 0
344 764 99799 0
853 1909 89660 0
1005 326 35859 0
1587 1234 71539 0
1906 426 71542 0
860 267 49127 0
1742 1758 78927 0
413 970 78300 0
708 226 72593 0
591 1304 70309 0
1703 237 94835 0
464 625 36322 0
1836 578 92800 0
1569 77 20564 0
1141 356 12835 0
1898 280 56007 0
968 1639 47488 0
1701 1258 61297 0
1619 1690 52561 0
970 1751 46452 0
1741 313 78866 0
157 617 61925 0
1303 1635 98191 0
974 1406 29443 0
745 156 70553 0
679 332 92142 0
898 1202 42693 0
1981 1379 79126 0
670 633 74646 0
1362 1117 68196 0
629 483 76821 0
980 1977 62041 0
437 1519 84259 0
1867 926 40337 0
302 344 88672 0
301 1013 50087 0
475 1272 38087 0
1631 346 62391 0
167 1337 55454 0
692 1750 61364 0
1932 1269 29188 0
1350 766 33977 0
409 280 21614 0
1843 1111 62186 0
1924 1022 72511 0
630 1578 7812 0
287 1003 84224 0
1221 1650 79549 0
1012 398 76099 0
1063 672 94829 0
375 1363 39531 0
496 595 93603 0
56 205 35612 0
1077 1275 65249 0
1484 45 97077 0
1430 1217 34751 0
573 560 28951 0
1631 1424 75969 0
1704 629 88435 0
1863 1391 22033 0
1027 281 47409 0
1924 1016 41501 0
1289 766 86999 0
142 1790 75180 0
786 822 29834 0
686 1079 61505 0
1092 1112 55133 0
1834 899 46286 0
1012 1152 11539 0
1344 1030 70479 0
199 599 91500 0
1862 282 86090 0
1826 1559 91214 0
812 970 56566 0
622 130 37619 0
1495 1279 21985 0
965 116 9284 0
715 511 35341 0
1048 1409 69861 0
1211 315 94266 0
1572 1889 89055 0
1707 340 80615 0
1223 573 82727 0
1745 5 66247 0
928 823 44912 0
260 307 90695 0
813 130 80682 0
1938 333 91273 0
1649 661 61562 0
1603 1393 70795 0
1778 628 33868 0
1713 230 7767 0
1220 1435 49866 0
323 1461 72977 0
429 714 83074 0
775 1442 26312 0
1927 1611 98401 0
109 393 97413 0
188 1358 48140 0
1906 642 94386 0
571 898 60674 0
1673 1132 54617 0
1480 28 58330 0
60 68 78269 0
1289 1866 95805 0
1345 1702 83378 0
16 1131 84016 0
1938 699 67525 0
1945 960 36846 0
1619 1629 90643 0
918 1276 90659 0
1679 486 80569 0
1585 865 92389 0
1359 796 96620 0
1329 1088 58850 0
499 1361 26030 0
239 1566 88884 0
143 1424 62906 0
156 1997 42231 0
50 173 90493 0
1766 302 76971 0
382 380 58913 0
868 452 86997 0
56 1789 90782 0
1138 381 93843 0
534 985 91911 0
213 563 77507 0
1701 548 77197 0
1566 1637 84777 0
1899 232 33668 0
1686 1875 83663 0
1019 1920 84036 0
1104 560 69683 0
888 553 47546 0
149 1606 58948 0
1781 1672 68932 0
1136 1862 75425 0
373 1029 43663 0
689 1270 87732 0
246 644 39284 0
1509 633 61897 0
1041 1603 61543 0
12 34 62191 0
636 857 98050 0
969 751 99518 0
247 520 91379 0
468 1547 85785 0
1364 1899 54716 0
302 1443 56612 0
1249 727 97354 0
1019 689 53938 0
1504 1635 31783 0
276 719 55877 0
988 1961 91106 0
1701 1864 77041 0
1076 1998 18492 0
999 1156 68474 0
223 635 40454 0
89 947 87113 0
755 449 95222 0
29 1220 59374 0
9 1568 45647 0
1101 1490 29939 0
1089 697 62446 0
572 485 98800 0
1543 1454 51892 0
779 1123 93074 0
351 1620 77488 0
1238 425 48832 0
1554 557 39751 0
1382 1015 72942 0
145 1316 66054 0
50 1559 63419 0
1741 1184 25374 0
467 1900 95090 0
655 891 61630 0
265 1982 59386 0
1823 1032 94324 0
68 1433 59271 0
449 772 79095 0
1614 991 61396 0
122 1555 40535 0
135 1301 68890 0
1705 1207 47660 0
1659 1670 61275 0
1076 634 81047 0
842 1969 77296 0
684 368 31438 0
1247 1147 84144 0
1416 1354 34515 0
350 1750 90561 0
1724 1918 73462 0
1237 883 96667 0
448 1607 85242 0
1962 1372 48435 0
1389 1371 67170 0
949 503 23465 0
1603 29 98344 0
349 178 17484 0
13 263 32072 0
271 765 68940 0
990 743 77591 0
370 338 90400 0
873 1811 85827 0
1358 1436 55279 0
1156 246 57310 0
1021 1462 49526 0
1666 1520 26756 0
1854 166 47669 0
408 851 87939 0
578 1310 55581 0
32 1339 92443 0
1622 1358 86828 0
395 69 81875 0
1532 826 89806 0
1649 1855 95710 0
914 1027 98875 0
1672 1877 25668 0
37 1422 86929 0
1549 722 81262 0
763 629 73798 0
177 1915 72828 0
1436 352 86879 0
1199 742 74863 0
232 1315 88703 0
462 217 86072 0
1730 795 99916 0
1163 236 97062 0
821 139 54708 0
1374 627 38125 0
645 1211 19181 0
139 307 72212 0
102 1401 54944 0
1997 1969 62686 0
1227 275 42643 0
500 950 65463 0
1289 1409 64641 0
347 435 92190 0
108 295 68412 0
59 149 43414 0
838 358 62952 0
153 562 74765 0
1011 1975 74025 0
818 573 24668 0
1698 170 62967 0
1043 1579 50619 0
1919 751 66060 0
591 1097 94890 0
1324 53 83358 0
32 1367 93032 0
1223 1135 93259 0
1782 1955 52973 0
1542 325 69913 0
1902 872 49582 0
847 1854 96908 0
261 833 51575 0
1393 504 50807 0
1183 749 54938 0
292 1668 35902 0
1699 295 98946 0
1098 377 63363 0
384 1175 95702 0
768 1641 74128 0
1219 667 92528 0
1718 418 85739 0
18 47 51311 0
684 897 93802 0
1187 1890 82400 0
1364 1318 63739 0
1888 1859 94878 0
702 1153 97323 0
1607 1735 54946 0
1851 1182 72253 0
1179 212 96043 0
1476 1752 52011 0
1129 522 94066 0
101 136 99008 0
1524 880 98075 0
186 1244 8861 0
1195 1061 66023 0
1255 1243 10755 0
1281 144 81736 0
1170 1957 81571 0
291 1658 98020 0
790 926 22863 0
537 600 96533 0
270 539 66869 0
963 1594 47821 0
1428 408 81780 0
1481 59 98950 0
404 1467 68826 0
408 1081 41503 0
1508 1110 96457 0
1990 614 40589 0
1036 534 40035 0
1450 484 72603 0
1860 1628 79593 0
599 813 74042 0
1871 200 58538 0
1668 1560 82195 0
1680 671 89223 0
1422 1288 83077 0
1817 1282 65276 0
1273 470 79403 0
384 1918 86933 0
1362 440 72257 0
1529 1469 11422 0
1962 1363 69650 0
397 929 83598 0
1885 167 85823 0
26 302 38940 0
650 1624 54373 0
269 1267 82307 0
1214 750 86474 0
779 1835 56145 0
1489 1466 91927 0
86 1781 34351 0
1377 1056 36934 0
1441 1718 41699 0
1008 1381 51476 0
221 1300 43742 0
1847 911 45198 0
75 965 93040 0
1538 1274 94599 0
436 1289 46105 0
364 1597 85884 0
433 253 41685 0
1483 635 90146 0
1910 1551 52708 0
543 1198 39179 0
1427 275 52331 0
27 347 99991 0
413 11 71186 0
1069 1737 67473 0
1975 1111 97392 0
176 1314 66393 0
1419 279 38248 0
1501 928 76422 0
1375 1344 92065 0
1800 1919 90520 0
1999 197 24694 0
661 141 97387 0
1372 1712 49161 0
812 984 48381 0
141 659 79248 0
1971 1539 65362 0
621 1540 74698 0
398 1355 53144 0
1903 1678 79128 0
463 1585 48901 0
1602 257 69813 0
1745 645 66315 0
1368 742 74267 0
966 1293 15342 0
1185 1495 82492 0
800 20 47327 0
157 1725 44481 0
1960 1435 75468 0
1046 191 72630 0
892 384 94302 0
1136 1266 69283 0
1148 931 27587 0
1209 873 52653 0
1898 1381 22095 0
896 1087 75444 0
213 1912 99724 0
662 679 18124 0
1256 1548 85953 0
1843 1690 94443 0
179 1571 98219 0
161 202 61057 0
640 1153 21532 0
1219 180 90616 0
634 1874 81539 0
1812 917 42884 0
780 185 18569 0
1370 33 22791 0
802 1510 51839 0
1201 13 80241 0
632 14 68167 0
1397 1024 94936 0
1949 608 52603 0
674 1572 49929 0
658 1096 86665 0
360 227 99093 0
914 569 61182 0
806 1099 82017 0
513 99 78269 0
505 372 21236 0
1749 1136 70629 0
637 1459 81966 0
1838 1227 91138 0
268 651 62687 0
795 1767 49475 0
1912 175 85125 0
1563 1964 63277 0
1552 851 77398 0
1706 1351 74995 0
1125 689 64342 0
1363 1372 88384 0
1028 683 16970 0
1489 1184 32057 0
564 353 35595 0
197 190 63187 0
737 1957 91817 0
691 1667 89868 0
1744 631 72101 0
1959 55 4863 0
1461 1736 73115 0
70 1968 95470 0
1617 1719 63548 0
640 1359 76135 0
786 986 37232 0
1989 940 42287 0
121 521 52827 0
1944 1174 62153 0
1649 527 26301 0
256 24 46812 0
269 153 80107 0
69 1748 74040 0
608 1810 83453 0
897 1001 50796 0
1941 1768 75492 0
1649 1988 75063 0
722 561 89174 0
539 18 85496 0
464 1605 67471 0
676 1758 50743 0
1846 494 80675 0
1649 834 78540 0
49 1261 58415 0
1722 1311 45230 0
1563 1403 60005 0
1663 927 69951 0
136 719 97780 0
359 1002 31822 0
1304 1697 27521 0
1166 190 80496 0
1459 1905 14522 0
491 630 88475 0
1655 604 41729 0
186 1172 95497 0
501 1662 51077 0
1749 1221 88583 0
28 1993 50526 0
713 691 68808 0
1170 1489 66139 0
1652 422 66684 0
1511 254 53765 0
503 1537 43121 0
1917 63 78748 0
1577 1741 97862 0
513 747 82757 0
1314 889 79185 0
383 419 95532 0
998 816 33182 0
1917 1027 70545 0
1388 373 70493 0
1359 112 59366 0
1357 1637 26732 0
328 1543 65807 0
340 785 66847 0
467 1309 19085 0
764 1572 49238 0
189 833 75669 0
774 1156 49486 0
148 1924 95211 0
1996 1630 67086 0
136 1849 61147 0
1053 606 57488 0
1283 149 82417 0
166 1854 45096 0
444 1206 48614 0
1237 492 99904 0
458 199 69220 0
1190 354 85163 0
726 1978 44222 0
1130 1659 45977 0
898 1121 65749 0
960 1593 93457 0
386 522 30089 0
1338 1003 38770 0
247 144 70989 0
1203 15 84699 0
641 1954 2145 0
559 1379 71569 0
1260 982 73568 0
867 979 33407 0
1140 1506 98914 0
1941 563 92640 0
1420 795 70983 0
1672 1652 32318 0
259 415 56240 0
1378 1814 21100 0
1486 109 59509 0
950 1909 26328 0
1812 302 88963 0
339 1037 44454 0
486 1141 19047 0
1355 1561 77267 0
1079 1031 94518 0
1923 1169 67968 0
1547 809 93844 0
361 1163 43340 0
650 1990 72283 0
279 245 85717 0
676 1623 68555 0
1520 359 83399 0
840 1118 92008 0
1446 1004 28170 0
1959 1644 90655 0
25 385 62546 0
1180 1806 45237 0
1943 1524 82512 0
1351 1642 96120 0
1507 1624 82356 0
1020 986 70962 0
1378 1855 54481 0
688 1832 50843 0
187 1462 76918 0
822 646 48597 0
845 1295 97338 0
589 527 88367 0
1608 970 65564 0
1917 479 36059 0
1241 559 54080 0
739 199 91854 0
379 1779 64708 0
1559 1181 90157 0
561 412 50838 0
1057 159 98979 0
1763 106 50779 0
1724 1262 34441 0
1049 1201 82080 0
1483 361 50846 0
205 8 80127 0
123 1566 57857 0
867 352 56787 0
53 480 62948 0
231 291 94344 0
1147 1166 49944 0
608 130 88858 0
38 1460 73753 0
1105 864 58791 0
791 803 60860 0
586 1267 84925 0
751 261 91725 0
116 1268 87538 0
1751 1587 34182 0
1943 1744 62926 0
1272 409 63276 0
763 1796 56449 0
1108 1551 65026 0
730 408 89020 0
29 710 67443 0
1842 1359 92307 0
725 577 26707 0
1495 1765 49384 0
473 1052 84324 0
292 1421 65135 0
386 747 92962 0
1844 573 36738 0
1253 1528 44708 0
1278 909 95843 0
259 883 78775 0
1665 389 54812 0
1140 1490 46293 0
1735 982 80120 0
379 874 80628 0
314 1549 37657 0
1173 1334 53523 0
385 792 95260 0
17 1331 43616 0
1166 1451 39339 0
1633 1306 53256 0
1676 1396 39793 0
377 1655 70972 0
1461 1917 68939 0
996 1473 77968 0
954 1136 43384 0
1434 1469 91933 0
1010 1644 29829 0
476 1406 52227 0
626 1791 75842 0
1462 170 33276 0
857 1097 70177 0
1356 1103 94301 0
538 213 63377 0
1323 1212 24371 0
536 706 53414 0
1806 39 20432 0
1474 1635 82484 0
1555 1070 89439 0
1952 1194 83776 0
1311 115 87471 0
1061 471 66072 0
1475 14 78630 0
936 44 75010 0
1418 226 53923 0
167 281 73537 0
1082 1785 24263 0
491 824 36319 0
1237 1038 41417 0
897 1956 61424 0
1854 1081 51413 0
1905 1658 97208 0
1041 247 79987 0
1917 70 97839 0
706 495 64163 0
181 837 84567 0
1352 1470 85827 0
578 820 19082 0
756 1678 63933 0
1750 1001 39528 0
790 370 35759 0
786 1077 69819 0
1373 784 80712 0
1403 894 19367 0
316 296 83219 0
628 597 26761 0
912 1940 34518 0
332 1084 98731 0
108 1480 84234 0
1223 1584 69955 0
789 316 99997 0
288 1933 76379 0
1889 1984 79011 0
250 54 95176 0
1337 759 74695 0
1361 966 73449 0
270 1456 89429 0
984 485 69539 0
530 249 94747 0
101 345 99016 0
780 199 93742 0
1134 291 22104 0
1513 514 84995 0
1948 324 75467 0
1262 1231 83682 0
772 547 72520 0
1374 1712 88670 0
700 1593 74518 0
1081 1727 63930 0
237 1933 59761 0
1916 636 89882 0
285 1877 13379 0
478 1971 91690 0
1232 352 96297 0
756 248 37028 0
1153 1028 27016 0
356 1031 97890 0
598 766 51732 0
1074 1701 77902 0
685 455 50516 0
1381 642 91697 0
788 1066 92315 0
1540 535 99242 0
189 748 78426 0
1362 1436 44347 0
151 717 55218 0
1938 1459 80933 0
1562 1868 5701 0
655 9 92218 0
512 732 36475 0
235 698 66930 0
876 1197 37358 0
11 1327 48541 0
763 1710 44506 0
1059 1274 73165 0
1002 1338 81948 0
98 484 39003 0
981 437 7546 0
181 876 80654 0
1210 110 97878 0
1103 731 96629 0
674 657 77459 0
1196 153 80296 0
167 325 90907 0
1653 1848 85587 0
22 1094 94739 0
1589 1601 49961 0
1430 1128 74868 0
1655 605 65524 0
1921 1877 18301 0
919 1741 80630 0
67 772 75757 0
328 399 76588 0
820 167 78061 0
1578 154 32346 0
828 1784 92538 0
1177 1169 31580 0
533 1563 49933 0
830 1321 62828 0
1450 820 99156 0
1936 445 65375 0
959 1758 64451 0
919 1111 32946 0
1923 620 68211 0
1894 649 84295 0
1622 1228 39529 0
96 1679 59900 0
952 1938 77827 0
858 1075 89391 0
348 1148 77516 0
371 375 65826 0
1710 973 20303 0
50 525 25737 0
1847 52 27979 0
1601 1224 94581 0
1853 1517 95173 0
157 1917 42984 0
1123 1443 64148 0
1051 1818 29894 0
395 958 33786 0
104 546 97599 0
1185 261 83527 0
1951 954 34886 0
203 612 82178 0
719 1506 99787 0
1553 1092 22624 0
3 741 38862 0
1657 13 85402 0
355 1100 78629 0
410 920 77637 0
1094 540 73086 0
359 1944 85075 0
822 88 94106 0
1003 284 74645 0
1787 623 73107 0
870 140 92443 0
73 676 79941 0
478 1463 72836 0
1640 704 36519 0
1969 204 67443 0
1931 1002 59174 0
1499 127 23969 0
602 1149 81286 0
795 1234 50458 0
1955 496 71104 0
1913 1910 11719 0
1121 1224 69540 0
1402 165 30800 0
276 289 94929 0
170 497 69257 0
1868 441 78246 0
663 642 75862 0
1053 1743 97012 0
647 157 80716 0
130 265 90145 0
1544 791 87770 0
303 271 93809 0
1457 1364 98991 0
1754 329 98415 0
930 936 31781 0
415 1726 83478 0
1233 1506 63728 0
456 431 93333 0
316 1386 98374 0
1416 1723 45870 0
882 933 49474 0
68 782 80079 0
1259 672 90666 0
1116 1152 85670 0
1570 1711 94934 0
974 1067 47594 0
1557 873 20054 0
1084 297 60837 0
1345 1846 74241 0
804 1225 68016 0
554 1901 18084 0
1537 524 48489 0
1359 1777 87848 0
898 801 60334 0
1036 1412 69086 0
412 705 92213 0
1755 1851 31311 0
1481 1938 39052 0
1306 83 36474 0
1794 1059 72450 0
161 101 65312 0
360 1405 42371 0
1696 74 79992 0
333 470 99593 0
906 750 81826 0
1863 950 69472 0
107 1861 92112 0
1303 1658 80065 0
1295 236 79366 0
747 494 94893 0
1281 965 58833 0
1501 1365 55705 0
1703 7 43335 0
1041 1816 93111 0
110 1751 92287 0
1873 1748 95758 0
1097 339 32726 0
746 1923 75905 0
647 798 78024 0
441 1688 69436 0
564 1091 82523 0
441 1845 34875 0
1776 686 45957 0
121 233 35012 0
1361 803 49081 0
1461 1135 44993 0
1596 1621 98829 0
1686 2000 65953 0
1868 1709 44016 0
1622 1856 70418 0
1649 1369 96581 0
1595 1149 91372 0
746 680 96668 0
841 1029 94895 0
233 1548 39284 0
1980 38 80243 0
1896 889 57474 0
834 584 53922 0
613 1318 76143 0
1226 1613 68890 0
658 1546 82381 0
83 1310 75567 0
221 1724 66977 0
709 1928 90156 0
45 232 94263 0
1955 304 86012 0
1459 780 98819 0
971 299 19322 0
1327 97 97363 0
633 1752 49636 0
228 542 72911 0
567 411 76452 0
3 1297 16463 0
132 676 31027 0
1351 157 23838 0
1361 1088 67997 0
668 223 57542 0
730 309 53865 0
739 711 38917 0
859 1569 52255 0
471 268 67911 0
2 824 71815 0
1780 1366 89592 0
1102 1503 96495 0
1883 1121 99836 0
147 1201 92455 0
230 1044 57469 0
1585 1908 77434 0
1038 1496 75795 0
1491 1426 59554 0
1947 1985 38690 0
775 1990 60529 0
1738 759 57519 0
1956 1512 75596 0
1376 489 19098 0
1376 608 51374 0
1337 1845 68357 0
783 677 81074 0
8 299 67633 0
1039 1609 79944 0
1866 166 92838 0
1342 1833 62723 0
33 1955 44588 0
1095 256 60660 0
1806 1077 92970 0
1027 441 46241 0
574 1987 76050 0
378 700 28761 0
200 1257 27170 0
100 368 93828 0
553 1874 76598 0
1542 580 86240 0
1849 1606 51018 0
1891 1271 45617 0
1747 1338 34112 0
845 355 9972 0
1995 238 21725 0
110 139 64032 0
484 1276 88027 0
1067 1706 48718 0
1251 1877 89477 0
1993 1170 93670 0
623 615 41612 0
792 1849 98791 0
673 629 57878 0
1327 112 75621 0
273 85 78594 0
1871 1209 62360 0
1776 403 48548 0
1437 65 39096 0
439 648 71165 0
1145 935 69106 0
1168 749 36280 0
801 177 75595 0
1215 92 17202 0
401 1672 81905 0
1515 386 83947 0
791 701 89257 0
333 1606 58306 0
1069 528 90730 0
1157 599 96639 0
714 1980 55525 0
1578 1901 40265 0
1880 939 83376 0
1703 862 74378 0
1290 838 98217 0
169 1545 65798 0
1703 481 66601 0
1282 1387 84862 0
1315 1202 44421 0
176 1534 45741 0
602 1085 64105 0
1390 1574 71273 0
1162 1504 81005 0
1055 1361 85204 0
1361 505 71793 0
1256 1457 10327 0
1525 1222 66117 0
1106 1605 80831 0
1375 1661 79981 0
1577 669 50666 0
1578 565 79482 0
715 1274 42332 0
1674 1393 60391 0
17 137 99970 0
135 1925 80504 0
34 1445 89403 0
1515 240 90843 0
1357 1821 79879 0
954 848 37217 0
1856 1363 87117 0
251 271 54445 0
1049 1801 51968 0
594 413 29289 0
309 491 50644 0
1768 955 57684 0
676 1024 97490 0
1576 514 76098 0
648 391 89168 0
1815 1127 89039 0
262 11 74230 0
1265 1865 54708 0
1107 119 49901 0
376 336 59505 0
1725 1521 53266 0
1018 397 34513 0
930 1193 85770 0
1224 1938 78655 0
1751 172 21017 0
1464 1347 65672 0
1673 1369 93921 0
345 873 54630 0
1707 633 37631 0
403 426 86683 0
1448 1984 73024 0
233 1926 68636 0
1223 1173 77394 0
948 59 29494 0
1109 48 71554 0
1003 235 49728 0
1282 1091 80512 0
346 1962 91793 0
1533 274 99986 0
1991 1626 91172 0
812 924 98571 0
765 593 73793 0
1932 838 87401 0
834 817 89933 0
461 987 10182 0
82 412 55510 0
1850 801 99155 0
366 465 70732 0
1534 969 81311 0
230 1138 37424 0
1714 102 90842 0
117 1644 73088 0
1721 671 83620 0
640 133 98932 0
1405 82 70865 0
394 1923 60004 0
21 157 57604 0
718 60 77818 0
44 883 89649 0
416 434 65595 0
1046 460 76907 0
1944 773 87708 0
577 319 56810 0
722 1826 26382 0
1267 942 79248 0
1815 451 81834 0
1511 1672 57310 0
398 1157 73986 0
1864 1794 20874 0
1091 1064 78969 0
660 1764 64858 0
1219 1728 99099 0
1978 323 39651 0
1987 619 87359 0
1948 1407 24935 0
1625 51 28395 0
202 514 44219 0
16 602 34029 0
634 791 92446 0
1034 1489 58170 0
1137 1470 28711 0
1733 1804 93653 0
916 1551 67895 0
61 1830 65007 0
1239 587 40784 0
983 1016 71916 0
1950 1216 92574 0
1622 1687 50670 0
1760 1085 38587 0
1182 321 92299 0
1122 801 31903 0
311 1174 41367 0
1701 1226 22350 0
1630 1876 80750 0
527 977 82368 0
1474 294 93158 0
336 1964 65831 0
1093 359 77304 0
21 759 25519 0
1667 700 40968 0
759 41 82316 0
1293 16 97581 0
933 1159 63379 0
392 526 50227 0
870 643 75994 0
906 216 32468 0
1400 599 48992 0
358 1392 63635 0
1176 1093 59042 0
1407 273 90634 0
1749 241 50070 0
382 1039 83993 0
1014 1043 78107 0
122 131 68772 0
938 311 89935 0
1807 32 28723 0
1211 374 61586 0
1303 177 92678 0
287 224 61868 0
531 366 97348 0
432 76 23022 0
109 720 49117 0
408 1436 50827 0
1838 1627 89065 0
89 1480 41944 0
258 415 82100 0
904 1564 33613 0
487 1543 68590 0
268 1815 81359 0
1075 1683 75434 0
1352 545 51880 0
745 1345 98206 0
900 1546 58128 0
811 900 63616 0
927 1270 92642 0
1061 694 92328 0
26 1678 93905 0
1307 1485 97542 0
1291 57 86247 0
1131 972 16511 0
1165 838 99359 0
1050 444 60153 0
71 997 94859 0
918 1163 64363 0
145 136 21673 0
298 20 91992 0
530 1251 55370 0
1501 347 85288 0
1920 1190 78756 0
1032 826 51258 0
1335 1885 47475 0
293 36 70571 0
490 1223 94210 0
280 789 72899 0
395 1448 60113 0
891 834 81304 0
246 1640 87761 0
1082 1669 27170 0
1093 1636 67538 0
1017 305 77539 0
531 1626 18351 0
1257 1624 61430 0
480 273 48451 0
1176 48 32718 0
1011 561 91345 0
356 134 69261 0
1021 1924 49986 0
1626 621 54323 0
1994 1227 89444 0
834 591 69965 0
1574 1100 90003 0
1870 1121 53466 0
774 1312 87192 0
1846 386 70550 0
1163 846 60163 0
1228 1622 63056 0
1382 1104 31288 0
1274 1921 66624 0
1303 1356 80897 0
1699 630 26285 0
610 412 70161 0
1916 1751 95782 0
849 1895 53486 0
945 1525 99740 0
1055 631 52314 0
884 554 55614 0
278 200 63670 0
753 572 44194 0
1623 382 96530 0
958 590 68581 0
649 1939 46574 0
994 532 52763 0
1434 1385 45744 0
1134 1519 88344 0
1123 447 21818 0
783 594 87659 0
293 65 76631 0
295 618 86246 0
333 1876 29839 0
86 1825 83139 0
302 495 68787 0
1986 1442 36070 0
55 1150 74774 0
113 811 58353 0
1080 1787 65927 0
169 255 83485 0
1844 1628 76658 0
1612 442 94403 0
1799 208 77932 0
208 794 88247 0
1213 959 52991 0
320 1961 48836 0
8 1694 66598 0
164 520 74642 0
484 992 61058 0
450 523 53905 0
879 1212 81561 0
1216 1854 70055 0
1371 1285 86042 0
199 179 43983 0
214 1553 63861 0
856 144 45954 0
858 431 99274 0
1133 1820 91336 0
445 40 51759 0
1646 1311 66207 0
1887 870 62737 0
1555 860 94239 0
407 1821 25207 0
1023 1127 42822 0
899 1372 95104 0
167 1395 66588 0
1163 1488 54976 0
1419 1691 83752 0
947 74 95294 0
784 1024 95538 0
1724 183 93930 0
81 950 43063 0
380 751 82198 0
796 129 71356 0
1151 844 84203 0
727 878 39859 0
1089 164 49702 0
1391 675 85245 0
1360 36 62769 0
1523 720 96497 0
1817 1197 53417 0
130 30 13917 0
135 757 99750 0
1776 442 63374 0
1039 1250 54008 0
135 300 99857 0
1941 158 68614 0
433 207 3997 0
633 1542 82199 0
1013 81 25413 0
1270 1482 68712 0
583 1887 89456 0
135 1023 74007 0
655 1668 64958 0
899 1536 91445 0
357 32 47004 0
1750 1534 78833 0
1669 1611 73530 0
363 591 72100 0
884 1515 68634 0
101 23 85428 0
917 701 75087 0
1802 1423 96321 0
1153 133 47193 0
1221 1853 58162 0
322 991 53793 0
1391 1909 78170 0
1763 1813 36377 0
1959 1444 93315 0
97 626 59968 0
1617 1282 70828 0
944 405 40921 0
921 286 24830 0
1991 1935 67336 0
1759 202 24196 0
1171 1205 73612 0
1375 1367 45322 0
1513 429 27798 0
1126 1755 35122 0
94 118 88557 0
947 994 74580 0
1970 1142 27582 0
1861 1430 70656 0
398 59 99614 0
291 514 38109 0
460 729 53246 0
1734 1630 46065 0
1132 1697 57685 0
1206 436 95402 0
595 369 11582 0
1612 221 71531 0
1161 610 72333 0
1373 783 83391 0
1771 507 32482 0
378 507 75875 0
959 825 97142 0
515 362 65153 0
1940 1442 65766 0
236 495 97064 0
321 1353 70027 0
556 1309 53489 0
1292 957 97606 0
1397 934 91002 0
1510 1996 22567 0
1166 1391 47531 0
858 1703 79598 0
962 1371 76923 0
684 142 68549 0
961 150 74252 0
1387 185 56882 0
870 1424 54454 0
281 441 89862 0
284 1520 59955 0
150 1529 42029 0
1553 265 65112 0
1392 1107 94244 0
1295 1521 43199 0
1025 378 98619 0
1792 1950 85352 0
888 1100 29826 0
81 840 75106 0
1710 359 52553 0
766 34 96025 0
1727 210 54830 0
326 1581 33095 0
577 466 88712 0
189 1912 24793 0
71 1268 93106 0
1490 1967 91036 0
1086 1148 66019 0
246 1068 86786 0
62 1959 6254 0
353 1339 61573 0
1585 859 90078 0
284 945 95785 0
1993 1048 88069 0
181 1598 75996 0
564 400 5581 0
1120 748 85239 0
379 1763 16357 0
243 516 71558 0
1754 681 82555 0
1703 1320 19371 0
13 1276 46084 0
468 44 43834 0
1277 1773 94149 0
1388 628 99041 0
1342 1616 94923 0
794 1326 46325 0
1958 1156 70257 0
1406 578 7743 0
1423 1705 38177 0
1465 444 66795 0
495 1130 97155 0
1024 1674 95935 0
861 624 9474 0
507 1431 70901 0
1452 685 20752 0
237 1291 29930 0
1498 158 19130 0
1335 1717 50035 0
376 1661 28103 0
1999 885 44873 0
1654 1391 87219 0
272 488 88781 0
1970 1365 77619 0
591 795 46459 0
329 1754 89600 0
1171 469 68972 0
473 323 43665 0
619 869 69234 0
579 1734 13220 0
1816 1097 32373 0
871 1842 29251 0
1524 1725 89139 0
1564 518 97143 0
236 1295 87218 0
750 311 79580 0
1151 1615 60327 0
1506 291 86560 0
1994 1068 71708 0
783 1816 59514 0
1555 373 91578 0
901 590 97463 0
1019 1816 67979 0
1282 470 83121 0
1387 279 97487 0
596 1832 70636 0
1618 981 47681 0
1550 1983 52484 0
982 1021 85924 0
125 943 23642 0
1175 663 75548 0
530 675 73323 0
401 1166 92505 0
868 1377 92633 0
241 1422 35705 0
273 1763 63204 0
766 1243 56538 0
848 1048 79063 0
619 1196 75937 0
890 964 85973 0
1695 1098 39552 0
455 1713 81875 0
794 390 22451 0
1748 1853 29256 0
1776 1673 34002 0
501 1009 84435 0
1852 1321 88980 0
1277 1087 36100 0
1112 1273 99931 0
1112 1366 85274 0
1575 557 98074 0
1 527 67491 0
594 1449 72853 0
256 1975 40848 0
561 988 97879 0
1256 385 64935 0
58 1704 88393 0
480 73 32220 0
232 1140 30900 0
123 1908 24428 0
1075 25 89451 0
1217 742 82423 0
949 997 15886 0
1576 39 40992 0
259 280 54340 0
1104 1628 37610 0
1874 1736 78427 0
596 734 52468 0
819 108 29761 0
724 254 81213 0
1107 380 21480 0
309 532 88730 0
326 1901 88017 0
831 1185 93778 0
1544 211 53053 0
1725 1163 94471 0
1353 263 82853 0
321 495 60646 0
1893 1976 87631 0
390 1673 7044 0
1383 93 60972 0
1811 182 92856 0
774 1725 23399 0
1864 860 54283 0
713 1586 63417 0
358 1186 88411 0
256 1242 91513 0
895 1812 77396 0
1713 585 63438 0
1712 332 86580 0
318 1388 50756 0
651 1044 28334 0
1565 788 63248 0
648 835 73780 0
1510 149 64476 0
1767 1234 57810 0
269 112 64782 0
731 1394 28796 0
1714 156 51013 0
874 180 82263 0
1495 1442 98066 0
904 441 11632 0
1431 1975 96864 0
638 1190 65157 0
1721 389 88270 0
51 1980 94864 0
1461 787 71849 0
1625 333 55125 0
1228 313 55850 0
687 382 99398 0
404 788 63164 0
554 1552 47869 0
1814 544 92852 0
259 626 22639 0
552 635 82305 0
766 301 78624 0
1153 1842 86825 0
1089 1948 84009 0
1042 675 90987 0
1031 1590 97644 0
295 36 84769 0
1410 1669 51378 0
374 1045 87882 0
1868 35 76057 0
601 1984 78846 0
518 490 95072 0
1826 1559 98344 0
918 1897 34316 0
1952 923 59833 0
404 1684 79205 0
1742 1124 74127 0
699 1719 78524 0
1262 1543 27370 0
249 282 43157 0
1379 84 32649 0
747 1654 85296 0
170 1114 96818 0
139 1983 97611 0
1369 487 4605 0
390 1559 57577 0
1706 765 61134 0
1785 15 90208 0
697 182 77023 0
1205 1092 69151 0
719 1313 20934 0
1456 1017 48042 0
1429 1656 53028 0
1932 636 18874 0
1893 1384 78909 0
179 30 82442 0
66 1152 72659 0
949 480 90195 0
575 778 45845 0
1615 893 69486 0
457 219 10515 0
1048 138 23421 0
1869 1517 67772 0
1780 1083 56347 0
1799 1008 31236 0
524 510 89109 0
1781 1050 99238 0
388 1542 77537 0
230 186 43969 0
862 1285 70682 0
1874 849 90458 0
559 1107 98215 0
711 1991 96966 0
1524 1434 54914 0
433 394 97099 0
1581 326 24986 0
234 1160 70599 0
1883 87 23233 0
1098 996 73633 0
790 531 94624 0
1796 1551 79229 0
1331 1316 61383 0
1424 1462 61812 0
1983 1608 89257 0
525 661 52284 0
195 4 63070 0
624 1591 90247 0
1385 1634 48474 0
1801 1954 79704 0
1161 892 84576 0
1400 1157 75422 0
1268 887 89139 0
239 54 83506 0
1715 1936 97233 0
1067 904 55796 0
35 1694 96621 0
1633 1831 49189 0
1516 434 81437 0
1587 1750 73971 0
684 1988 75040 0
1539 940 43957 0
124 1069 69946 0
1717 800 93351 0
190 1809 41038 0
901 1368 76206 0
1922 435 74018 0
319 466 42102 0
1892 1313 66696 0
1603 638 35830 0
272 637 72586 0
1544 56 78718 0
1636 1393 66259 0
1301 1441 69909 0
1688 1340 92774 0
1855 793 94938 0
782 744 80748 0
94 1627 99319 0
1571 460 65016 0
1288 980 22788 0
1563 1429 67194 0
383 607 31487 0
1147 950 58918 0
1278 898 37632 0
1791 720 85289 0
1137 341 22316 0
298 1783 69838 0
234 1773 80662 0
141 221 78736 0
846 479 35221 0
639 393 57545 0
912 656 81012 0
1969 1368 90030 0
1345 293 61666 0
459 1443 63562 0
365 89 26193 0
201 101 91591 0
398 1938 51160 0
1240 1310 91753 0
1760 726 67873 0
654 618 69877 0
696 254 14643 0
448 1194 96413 0
1191 1821 85651 0
421 454 71185 0
982 713 69633 0
44 700 85250 0
31 945 76199 0
1991 38 78300 0
1147 966 83233 0
1689 797 94568 0
1428 241 90906 0
425 542 47655 0
321 236 98676 0
1881 1549 63654 0
89 443 84901 0
1584 509 28958 0
250 30 61229 0
1924 1260 84334 0
722 1114 40110 0
66 1417 76480 0
1189 450 57274 0
85 176 60899 0
1012 1734 45340 0
1128 1007 41402 0
261 480 92946 0
853 957 69987 0
1984 267 89984 0
543 1846 83694 0
220 192 84528 0
98 251 33286 0
866 1387 90236 0
555 628 82244 0
112 686 82187 0
1015 1223 42948 0
127 517 99082 0
1152 1116 90159 0
1576 1996 77790 0
789 1 72814 0
496 394 38436 0
846 171 61101 0
1119 306 73864 0
1286 1789 41744 0
1486 22 53022 0
626 844 94327 0
453 865 51768 0
1297 1933 50772 0
532 848 72568 0
31 962 51036 0
1288 1465 72807 0
1250 924 95342 0
123 25 71451 0
327 1041 53383 0
795 544 79336 0
1636 387 55447 0
775 673 95297 0
1621 377 55858 0
1985 1947 60636 0
520 1213 53116 0
1946 1065 29940 0
1334 1139 38406 0
327 119 61491 0
1130 8 78579 0
1071 1567 2240 0
1438 1048 53256 0
283 1543 54845 0
357 245 38059 0
936 143 64337 0
1315 1180 71161 0
316 606 89059 0
1722 1404 92509 0
1597 150 57315 0
439 177 35281 0
989 1041 59919 0
739 1030 73233 0
972 105 85344 0
1429 66 46125 0
406 1795 80138 0
1461 248 87781 0
1458 830 65682 0
1843 1712 94487 0
1116 1177 77381 0
1182 217 58703 0
937 1368 52037 0
257 643 49764 0
1160 450 85471 0
232 1704 91267 0
116 676 77917 0
381 190 36228 0
63 1518 95901 0
1872 171 25685 0
1655 678 43205 0
55 1179 55099 0
302 1527 92689 0
14 150 19907 0
1136 1005 76138 0
764 4 69189 0
27 1496 97444 0
1979 584 97486 0
545 1445 27854 0
1640 1321 67978 0
1539 813 71843 0
1365 636 87464 0
1731 49 90512 0
1836 147 52173 0
1490 25 66932 0
1837 1204 88479 0
1368 1102 96492 0
1007 788 33326 0
13 1173 30800 0
432 1865 67338 0
784 1174 30091 0
1730 642 62311 0
1259 1976 97117 0
464 1337 97003 0
20 120 73164 0
432 761 71011 0
268 511 87840 0
1048 1074 79096 0
118 1310 89311 0
1755 1965 55282 0
1429 537 90873 0
1498 1037 82960 0
142 413 27287 0
956 1286 56009 0
518 1678 90916 0
133 871 60120 0
1149 1416 27397 0
147 1752 11007 0
349 151 65080 0
1738 8 43327 0
1947 1116 98567 0
1374 1646 88828 0
589 141 91428 0
190 1280 64067 0
872 1486 85341 0
605 242 39442 0
1305 1596 69893 0
1809 1538 60149 0
1706 560 88038 0
426 1697 61407 0
1695 1631 71388 0
780 1618 68656 0
1702 1578 19149 0
101 799 50214 0
1718 37 68777 0
882 1497 75720 0
611 1214 57786 0
770 1381 39552 0
72 246 88120 0
1408 1054 62705 0
1858 1001 78538 0
1281 667 71092 0
287 1528 58940 0
174 1529 42522 0
1259 165 77894 0
2 1081 47844 0
931 1112 79109 0
589 1359 29236 0
1477 1701 12690 0
231 1157 69209 0
1862 867 25474 0
1019 911 77051 0
1399 1391 53486 0
1992 1617 85690 0
452 224 24071 0
62 1158 34261 0
1973 1780 76683 0
204 1693 27117 0
1307 1173 46899 0
1773 1154 65726 0
183 1979 70749 0
342 403 86716 0
1310 1067 94468 0
1615 1151 67417 0
1640 1286 69885 0
911 213 55019 0
19 531 49755 0
20 1648 89322 0
861 1122 77137 0
849 803 50741 0
883 50 75022 0
502 869 58180 0
1987 52 89935 0
598 309 88685 0
1505 1185 67987 0
484 1333 28252 0
1820 1971 47768 0
969 1841 20432 0
750 1620 78755 0
164 1446 38647 0
146 148 86547 0
487 794 77235 0
1816 1512 91069 0
929 341 67874 0
987 904 26806 0
1159 1430 75317 0
159 1770 93584 0
574 1726 56723 0
311 1014 95440 0
1734 1938 82379 0
1314 75 48810 0
1174 71 74471 0
944 708 30599 0
49 1305 88002 0
1534 1609 77089 0
1715 1965 24827 0
598 91 35361 0
1416 43 73895 0
475 1596 87289 0
952 1157 51371 0
1834 228 54445 0
1481 149 94278 0
698 521 88340 0
713 141 86882 0
1707 1524 52014 0
932 288 86737 0
1995 1747 97935 0
1588 78 53467 0
1972 1148 67918 0
27 728 41503 0
1057 1682 32194 0
1532 367 91672 0
831 1579 97348 0
335 1530 46540 0
1223 1707 42581 0
140 1424 86648 0
448 15 51408 0
584 215 98295 0
126 294 99568 0
708 399 53178 0
253 1366 64650 0
761 837 58447 0
157 1223 36918 0
1814 1487 88836 0
105 602 99669 0
1284 462 69956 0
1363 1952 46945 0
366 579 88247 0
990 1961 42831 0
1478 1601 25340 0
1597 1851 73268 0
1736 174 81681 0
1957 1756 20238 0
1388 803 79865 0
837 1626 94234 0
1223 578 7073 0
1279 1796 75205 0
456 541 75380 0
138 162 85415 0
1822 278 48861 0
1014 636 55684 0
1066 672 42684 0
707 1017 57069 0
1791 139 76638 0
1578 443 61298 0
90 1190 54047 0
1822 1364 60019 0
355 1641 87945 0
952 1985 76661 0
621 1177 60848 0
448 998 98532 0
1401 907 80140 0
854 940 31243 0
250 664 79313 0
338 496 94775 0
1086 33 71467 0
1410 1937 59269 0
905 1752 49519 0
354 311 57264 0
1674 676 90738 0
957 1005 99144 0
1355 376 92280 0
1755 302 47152 0
1338 224 93145 0
145 1285 49314 0
1735 1621 81266 0
1860 1105 87894 0
1805 312 30328 0
1171 813 81715 0
34 1866 59640 0
1386 1979 98637 0
198 501 60927 0
1121 1806 54938 0
1148 446 63081 0
560 1104 80775 0
915 1442 48684 0
1765 483 31529 0
1452 1217 99883 0
1916 1482 96726 0
1050 1614 55567 0
35 779 63309 0
606 213 72472 0
393 684 61617 0
689 872 22113 0
939 1082 92151 0
921 1837 52217 0
1329 1401 92846 0
1005 210 70819 0
926 1626 94763 0
783 1508 86291 0
1 1979 66570 0
960 1410 79498 0
409 1359 62206 0
1304 1008 97746 0
1125 796 89068 0
665 209 77049 0
1003 1407 89899 0
1229 264 91066 0
171 1670 94563 0
1318 1389 86287 0
793 283 89303 0
1319 1277 69225 0
333 1769 48031 0
1363 1489 72285 0
1454 1025 66284 0
1674 1192 75469 0
954 1815 92153 0
1014 85 99287 0
1004 1711 87919 0
1594 608 69172 0
454 879 49632 0
964 458 39206 0
1146 1742 73292 0
883 1776 99185 0
1074 1143 86701 0
937 301 11113 0
1461 1163 81756 0
1762 752 79781 0
475 871 89674 0
326 410 96047 0
1053 1816 76889 0
1403 1908 93145 0
1345 1718 94032 0
611 1442 97436 0
1950 37 99917 0
185 1387 63773 0
1291 101 75603 0
1334 1725 80038 0
1802 644 59899 0
1166 1415 67409 0
1569 1344 99311 0
999 63 60919 0
845 495 91629 0
1763 1620 32848 0
495 1139 56297 0
1171 245 82408 0
1585 1908 82486 0
733 783 94684 0
973 887 5941 0
1722 425 92260 0
1226 505 68735 0
409 187 62333 0
1110 591 90400 0
445 286 29134 0
951 813 59940 0
648 1870 78661 0
1228 371 43992 0
1145 877 96013 0
816 1927 83101 0
656 1604 28835 0
1180 1996 57688 0
54 1224 80621 0
1343 755 76645 0
347 363 73895 0
1818 1612 35594 0
977 213 31564 0
1003 121 39345 0
245 1208 58867 0
485 750 29894 0
1432 1655 69588 0
1187 343 64912 0
1532 1565 90753 0
1909 672 54082 0
857 1750 53293 0
1441 1491 36096 0
563 970 79079 0
1751 1160 89810 0
41 1872 83872 0
438 680 8228 0
1310 1106 31034 0
843 189 47979 0
539 1209 9890 0
1221 1199 65558 0
792 600 55650 0
1937 1404 83193 0
13 1845 27388 0
319 871 89563 0
1283 1456 78066 0
1779 379 68618 0
480 906 35263 0
259 356 74986 0
869 1501 10918 0
435 843 64611 0
1445 1048 45086 0
200 284 74946 0
578 1026 63025 0
1583 1489 40640 0
126 489 23909 0
1970 1818 88497 0
1723 1321 98225 0
753 1269 41792 0
851 1010 56568 0
416 1677 54499 0
560 1516 76185 0
1003 1926 67474 0
163 1273 54567 0
536 206 59930 0
314 1881 73329 0
285 402 17925 0
496 746 67392 0
552 849 53551 0
148 1937 78755 0
774 1385 88693 0
490 1476 62102 0
1262 468 75729 0
1673 1454 86413 0
361 885 99766 0
1285 87 72697 0
865 576 79794 0
1540 714 25623 0
1078 521 11163 0
1922 368 70778 0
612 1718 66671 0
537 1481 84659 0
1511 204 56570 0
288 23 73876 0
560 196 76508 0
287 831 49638 0
284 243 87062 0
447 1897 15756 0
1819 523 73379 0
557 991 85905 0
178 1105 89820 0
1451 372 21262 0
1678 1334 99459 0
38 77 92882 0
1469 641 59549 0
602 430 98321 0
1368 138 70425 0
1316 284 66279 0
944 796 41849 0
236 355 27569 0
681 1170 67757 0
1125 1767 66147 0
1116 778 81423 0
249 1977 87161 0
1698 1431 62588 0
76 1030 88657 0
725 1975 62512 0
436 1127 68086 0
1337 263 44119 0
1413 310 63079 0
242 1436 73501 0
766 1675 52871 0
801 250 88309 0
1909 138 80636 0
1849 202 38528 0
822 1442 89559 0
408 166 40131 0
434 484 49272 0
1570 1811 74880 0
1647 1806 56569 0
1279 749 97406 0
778 1336 93140 0
649 1470 82638 0
845 1070 79128 0
881 33 69502 0
40 1572 56563 0
12 107 47778 0
72 815 84475 0
371 44 95801 0
1423 918 86184 0
947 1080 72162 0
452 1253 17244 0
279 394 94234 0
1408 1396 75210 0
1132 1586 81461 0
139 776 74488 0
553 1284 54878 0
1224 664 90160 0
1014 1373 40618 0
1238 1669 53204 0
1282 457 54448 0
201 1225 26860 0
1305 1937 2418 0
59 1180 57372 0
689 119 79403 0
1388 1354 71473 0
906 503 96198 0
1489 913 98126 0
304 881 64414 0
56 1828 62223 0
410 1178 82656 0
20 665 56782 0
1797 1 69092 0
1903 1321 66697 0
91 884 66171 0
1551 274 60511 0
1224 1630 76564 0
1157 1133 96138 0
1221 1066 65070 0
451 1430 93499 0
1482 834 94066 0
1240 580 70190 0
1457 272 91266 0
1145 1731 58852 0
1936 1163 57335 0
1806 3 97221 0
447 972 65431 0
945 1364 29760 0
465 909 70347 0
1833 1049 54399 0
969 480 71988 0
1376 77 37648 0
1134 1985 86809 0
1404 690 74891 0
833 1498 86250 0
956 703 59390 0
468 643 80978 0
1094 356 80001 0
779 1312 60342 0
1237 1496 67285 0
185 1938 27469 0
1953 86 99173 0
1555 1877 74386 0
654 1080 55548 0
1111 1927 87687 0
1391 1263 73589 0
431 510 89054 0
1342 1065 36639 0
520 485 28426 0
1908 1297 93563 0
945 1377 17626 0
1750 64 96942 0
595 279 24569 0
335 1271 43004 0
72 1567 86671 0
1059 2000 81352 0
372 1714 71698 0
274 1919 41513 0
192 220 95006 0
282 556 94111 0
188 1363 96699 0
483 1919 26544 0
706 1343 95567 0
37 937 97802 0
711 576 71666 0
1270 538 98144 0
1448 1613 78175 0
179 130 51432 0
849 1921 99336 0
514 1980 76547 0
1210 1188 94866 0
1919 1896 88925 0
1097 158 82006 0
1421 1599 77631 0
1541 74 86850 0
64 784 42239 0
543 1748 72702 0
69 1588 28829 0
812 1093 85207 0
1995 906 91355 0
308 824 38844 0
1482 1421 84092 0
1247 1172 89083 0
715 1875 85036 0
1024 776 74917 0
1461 1736 84986 0
261 1024 51625 0
543 1675 55254 0
1298 1560 99674 0
1515 913 93463 0
1181 1254 78420 0
786 1297 75762 0
719 932 63424 0
1983 331 49633 0
1531 1568 97685 0
1516 1276 73885 0
95 1466 30223 0
28 89 95469 0
1820 964 25307 0
1834 1690 25912 0
1250 172 81336 0
1566 1658 90571 0
725 743 38985 0
452 1813 84943 0
1641 56 53142 0
938 1912 74574 0
1756 1352 97721 0
247 1763 34268 0
985 1207 71541 0
892 360 81344 0
459 1802 92082 0
1116 432 66806 0
686 1526 59051 0
1926 1773 91292 0
395 1391 88169 0
555 609 70413 0
11 944 70425 0
1658 1320 77009 0
1724 1057 79909 0
989 380 57235 0
500 1288 94219 0
386 1757 97215 0
1648 1518 79034 0
533 1635 30979 0
103 1143 81582 0
884 308 54153 0
975 996 49388 0
1587 1189 61156 0
1873 511 47525 0
160 1605 60736 0
522 395 47680 0
1364 1796 97680 0
618 1082 78063 0
414 756 38599 0
1504 1806 35309 0
982 899 57620 0
241 103 89937 0
1581 74 70602 0
1839 1828 94137 0
1436 1900 70500 0
2 1774 95567 0
1712 1834 70019 0
650 822 95254 0
346 1832 24159 0
743 1462 58086 0
175 523 47196 0
662 982 78553 0
318 206 91444 0
211 694 57932 0
870 80 87042 0
148 1323 51691 0
1378 1970 70742 0
1272 1431 64884 0
1362 1309 48652 0
772 609 57947 0
1825 1701 46054 0
1793 1580 39936 0
198 144 44307 0
196 1911 32558 0
923 688 79896 0
320 1918 94159 0
752 367 64382 0
853 1545 91734 0
840 1127 34025 0
359 1338 64158 0
1604 250 96689 0
1540 1459 50144 0
1745 355 98146 0
1080 148 70880 0
1146 712 52817 0
1723 921 60166 0
1665 1163 88036 0
1113 862 39484 0
30 531 51299 0
45 1635 74534 0
1743 817 81239 0
1570 1364 29116 0
1406 580 69323 0
845 1851 99994 0
1053 1319 44003 0
48 480 90122 0
690 663 76415 0
1868 1312 39604 0
1715 703 29061 0
765 1073 57921 0
585 1853 29582 0
1974 979 92889 0
648 1202 46356 0
1219 1570 42334 0
634 609 79945 0
1766 254 54595 0
1787 352 50335 0
169 154 78774 0
1170 807 49983 0
1799 1346 99784 0
408 1731 88578 0
919 159 58922 0
491 135 83328 0
1131 755 17516 0
140 1021 93812 0
1730 744 24454 0
70 845 54975 0
921 1640 95415 0
530 386 46182 0
1992 199 51050 0
1876 801 95006 0
567 1894 94545 0
116 1742 39018 0
1947 1375 93454 0
279 245 59972 0
270 201 20300 0
1511 508 87151 0
723 1918 56403 0
1441 218 96285 0
14 1349 64218 0
335 1232 74053 0
1209 456 75638 0
1572 1349 83569 0
1175 723 84751 0
591 1970 74862 0
1563 168 45514 0
188 1358 40502 0
1492 1698 99338 0
103 386 22802 0
801 1618 42627 0
973 225 93468 0
1066 1226 92927 0
221 659 91947 0
123 1320 77053 0
1421 1347 35534 0
483 1186 70685 0
280 1842 25945 0
373 105 88293 0
70 1897 99234 0
51 168 76049 0
1123 1475 14988 0
1225 1899 71360 0
125 1905 70872 0
1333 653 23160 0
1184 377 80181 0
1842 642 70356 0
1354 791 65620 0
162 1384 73561 0
1839 383 70851 0
39 1297 85555 0
90 586 94093 0
73 989 83985 0
1930 414 40973 0
1150 1158 88744 0
867 1581 33207 0
318 1244 62682 0
423 1543 89988 0
1831 1707 99245 0
902 650 91586 0
1784 1315 89598 0
1550 733 91922 0
140 1646 89567 0
1894 1082 73157 0
715 1969 59633 0
119 969 50333 0
1693 374 56597 0
6 1808 29545 0
165 69 65093 0
1233 862 93830 0
430 1398 42308 0
1031 415 89217 0
1632 785 55774 0
688 1927 79426 0
1515 241 72695 0
1334 8 71818 0
899 1323 97254 0
1778 4 5650 0
1545 1644 76840 0
1816 213 89545 0
1214 1168 71194 0
1983 1174 52732 0
1038 1814 79813 0
742 1251 46104 0
381 885 88758 0
1812 1732 73718 0
1518 864 24060 0
863 1209 13222 0
671 841 80098 0
1753 1546 89717 0
60 1060 24183 0
1532 1411 76300 0
1061 1390 84179 0
1649 259 65459 0
49 148 59633 0
578 1307 87483 0
604 929 96190 0
755 671 94769 0
1203 421 50010 0
329 920 86944 0
50 1188 82482 0
1934 1959 79455 0
828 1850 94005 0
601 1921 66834 0
1944 1603 10255 0
603 124 21738 0
44 1596 36889 0
1379 520 68944 0
1110 1200 79398 0
644 1334 85367 0
1024 1599 75003 0
281 1395 89773 0
1467 1448 50499 0
5 985 9743 0
221 794 87871 0
1615 259 90983 0
39 1224 82712 0
1019 435 50769 0
994 184 56710 0
788 742 42663 0
800 978 54665 0
170 1906 35381 0
947 879 77146 0
1571 1810 52333 0
1160 969 86451 0
454 1696 36802 0
1048 162 67933 0
497 1834 93710 0
1927 1685 78432 0
1340 1736 9066 0
1116 866 60203 0
555 557 77623 0
1906 589 95323 0
1447 513 58531 0
603 1957 88368 0
880 1836 12704 0
191 1807 35512 0
1556 360 67541 0
147 1450 96068 0
399 1526 96648 0
996 1655 78340 0
1122 1155 90058 0
1958 560 74845 0
970 781 98936 0
517 1884 94849 0
1158 203 64502 0
935 662 60713 0
1690 993 94381 0
726 473 85886 0
321 355 97238 0
1561 47 72472 0
580 479 93887 0
351 812 29213 0
624 51 76307 0
1640 1295 69998 0
249 851 77618 0
327 1534 96928 0
1967 1355 55877 0
1176 1407 61531 0
1787 1927 78583 0
1164 294 32068 0
1076 946 61150 0
750 1750 83093 0
1265 1865 80737 0
1520 541 66414 0
1089 1268 55049 0
605 1362 86272 0
1269 84 90897 0
536 755 87228 0
1236 697 66441 0
583 314 69691 0
1681 130 46141 0
1199 1701 75201 0
789 720 47501 0
242 736 94701 0
1807 575 95589 0
42 1153 82297 0
1421 619 19757 0
212 99 77744 0
604 816 91469 0
1355 1870 87856 0
324 989 78929 0
1482 1512 59857 0
1792 494 9467 0
1491 436 74542 0
1909 1399 19951 0
109 1590 97202 0
1294 1448 97113 0
311 1674 74459 0
1565 102 54004 0
1943 275 31676 0
360 1928 38616 0
1702 352 27848 0
284 973 71674 0
152 614 72662 0
1133 1460 98072 0
1768 382 47197 0
231 1103 27309 0
685 190 66316 0
777 1632 58531 0
1170 848 99867 0
484 1911 19931 0
187 1879 87199 0
1250 676 45989 0
1978 1139 79800 0
1642 1954 83351 0
1194 65 85791 0
476 1836 47503 0
1063 1129 90012 0
366 981 51584 0
1051 487 77953 0
1512 269 88486 0
1751 684 79646 0
983 377 46655 0
313 1440 73001 0
1072 1467 31663 0
5 1485 66170 0
282 766 46982 0
1609 750 44499 0
1205 489 42248 0
963 126 79459 0
195 1672 51606 0
1748 1147 60356 0
1743 1668 24258 0
131 1416 71987 0
912 87 49434 0
263 961 74205 0
373 197 79268 0
386 1793 85658 0
1210 194 88860 0
1481 1157 79466 0
336 531 67879 0
1563 39 87769 0
1872 447 50166 0
1168 646 65927 0
316 1482 45156 0
758 452 84778 0
539 945 72341 0
1497 1059 74288 0
22 97 72879 0
621 1356 26787 0
1924 663 88491 0
174 1592 83314 0
706 703 70460 0
605 244 38831 0
1150 99 97535 0
276 1704 87297 0
1580 530 70151 0
529 1029 54290 0
1995 121 91223 0
1975 1671 96878 0
479 726 58285 0
417 1338 88648 0
1813 1165 77610 0
138 103 75634 0
1370 1971 37539 0
1067 779 36900 0
1770 1698 66724 0
946 985 60334 0
463 1356 51043 0
902 284 55602 0
109 1196 97344 0
762 689 71429 0
789 363 77194 0
1069 816 95029 0
887 1089 70787 0
1664 1199 84377 0
107 1580 79759 0
1186 452 93372 0
403 423 96771 0
623 1957 19135 0
37 367 61453 0
784 812 81562 0
1563 1639 67529 0
201 1600 55746 0
1618 1394 75998 0
1177 1339 82966 0
545 512 31984 0
283 1381 87064 0
562 1272 92285 0
1865 1339 74997 0
954 1957 68658 0
1519 1375 55952 0
299 1135 84603 0
1013 1289 96851 0
1749 1846 36456 0
699 739 56317 0
622 575 47846 0
779 275 92452 0
571 1784 95926 0
1386 129 63019 0
855 1425 31007 0
727 1641 47194 0
759 644 13334 0
1833 83 55030 0
1741 1621 90763 0
1360 678 66692 0
510 887 44665 0
1209 1313 57503 0
388 98 72588 0
1690 1611 73858 0
504 783 59871 0
1386 1418 86538 0
526 1095 58807 0
396 488 14537 0
361 217 64936 0
1419 438 95151 0
1216 352 80506 0
1910 667 45162 0
1308 137 90898 0
1871 288 99920 0
901 1409 91377 0
688 1722 93371 0
1001 339 88744 0
1240 1341 47049 0
1196 1797 81478 0
314 722 89029 0
1847 770 67614 0
641 774 71375 0
1590 1847 85535 0
1206 1198 68395 0
1324 753 37646 0
898 272 84217 0
765 1518 74970 0
219 740 91917 0
1191 1236 32077 0
411 425 60828 0
324 480 41892 0
751 324 48302 0
1058 200 93777 0
1005 824 88545 0
172 1535 81481 0
289 858 69382 0
1354 548 99760 0
709 734 46880 0
1335 416 41969 0
110 1125 78142 0
117 884 48353 0
831 1377 67958 0
1297 45 37583 0
10 938 63044 0
541 1548 32555 0
1295 1521 74017 0
1234 1512 37468 0
926 1805 94828 0
573 271 80425 0
541 1871 75260 0
1770 794 96266 0
1213 949 49727 0
1625 1297 86520 0
1954 1943 79733 0
950 1172 85904 0
1005 695 86217 0
863 1940 35684 0
179 470 83846 0
172 261 98586 0
1688 1349 42363 0
1599 1920 61848 0
1323 935 89378 0
25 600 98981 0
493 1461 41295 0
306 248 81308 0
1737 406 28941 0
203 1650 90784 0
299 321 29327 0
1018 598 65069 0
1332 762 69007 0
1453 277 62693 0
366 376 55277 0
1599 619 67677 0
1476 35 99648 0
235 973 98250 0
811 1376 94157 0
1176 238 44540 0
1027 303 62976 0
1567 974 92023 0
900 780 96641 0
1132 1526 64211 0
1184 1756 78732 0
1167 376 98176 0
817 562 92532 0
388 1310 99788 0
1063 1904 91844 0
914 1801 70692 0
1806 624 44657 0
23 439 49703 0
865 875 81388 0
1592 1707 81634 0
767 440 97745 0
776 1819 86360 0
823 1087 75685 0
1721 768 99938 0
447 1227 77107 0
370 1626 95360 0
1613 2000 6813 0
1878 549 78668 0
650 1236 74639 0
1686 1497 94422 0
425 1695 69406 0
1251 1411 69931 0
481 1209 45638 0
557 1861 67031 0
781 158 74257 0
1286 846 44670 0
181 126 63982 0
410 408 13681 0
149 1876 95177 0
1454 134 42305 0
213 928 77136 0
1761 805 51436 0
688 371 14463 0
751 1858 59997 0
425 982 66073 0
675 1348 63967 0
1276 1337 89618 0
1789 290 70539 0
1162 1908 77622 0
612 1701 55115 0
1436 839 97358 0
625 1836 34741 0
1269 1250 37631 0
191 558 60838 0
297 877 88922 0
1879 782 64515 0
1801 1860 87731 0
1934 12 99171 0
442 1231 56357 0
249 55 8556 0
1007 1467 62341 0
899 24 35157 0
1069 188 59805 0
93 1025 33796 0
678 1907 84073 0
1221 1044 87943 0
1346 1231 21434 0
1028 1114 98601 0
1796 233 95295 0
1155 66 77437 0
1408 1676 61000 0
1328 227 40689 0
279 1375 68995 0
1324 1498 94439 0
620 1115 66324 0
1811 243 75943 0
788 645 91937 0
1666 1233 92604 0
1156 157 61425 0
1581 532 91113 0
636 1373 84247 0
187 280 99572 0
768 1575 17055 0
1006 1300 83105 0
916 949 25971 0
795 910 93539 0
1146 216 66640 0
1861 1070 94071 0
55 1437 13078 0
430 1597 61138 0
1828 1135 92314 0
216 924 54763 0
879 1541 47524 0
1625 656 45167 0
482 1828 58112 0
696 204 71552 0
1484 121 93797 0
873 1704 54987 0
1249 1778 60075 0
1628 1502 64469 0
1280 43 77651 0
1177 250 99991 0
843 1332 48267 0
964 570 89265 0
1506 802 93247 0
1316 1313 61520 0
1803 352 55680 0
4 422 35627 0
656 87 75922 0
57 1850 68090 0
1103 1991 16010 0
518 1678 85785 0
1185 697 87808 0
1124 1505 29841 0
351 1505 68403 0
80 1084 87894 0
1500 1380 68245 0
1349 888 81793 0
506 1325 24659 0
691 44 82667 0
370 437 68903 0
738 976 64778 0
1728 1896 28191 0
1338 1176 49798 0
234 1932 88165 0
228 1669 92020 0
309 1216 66287 0
136 1604 70444 0
1260 688 82591 0
1307 1837 88475 0
1942 1609 6122 0
1926 75 57521 0
855 699 62858 0
1654 203 46635 0
1858 1154 38142 0
1290 1120 79273 0
725 507 63602 0
1460 253 76301 0
1696 913 71026 0
97 1386 89720 0
1457 863 40149 0
1898 686 70002 0
326 166 37833 0
953 292 57741 0
1046 622 59685 0
246 785 66268 0
1998 1963 55458 0
1153 1586 53822 0
816 618 65610 0
865 822 80066 0
176 856 42952 0
256 1631 79791 0
1969 300 69510 0
1824 1553 98142 0
1937 425 91918 0
909 571 89363 0
1932 380 47481 0
1204 1485 83635 0
458 854 38450 0
1911 999 66236 0
608 1810 47649 0
1088 946 91926 0
1530 1441 80608 0
149 516 88207 0
547 592 17088 0
644 1845 17682 0
27 1267 54065 0
582 998 39930 0
1162 7 26175 0
1523 1682 93969 0
545 1993 55553 0
95 1830 56849 0
255 721 85207 0
451 742 62177 0
396 1380 73024 0
249 1754 90902 0
1817 1598 40936 0
741 136 20121 0
415 22 59771 0
829 786 95584 0
950 1718 95894 0
1681 595 88991 0
327 677 85644 0
895 389 34050 0
524 1213 89143 0
618 1695 69379 0
1514 1422 48408 0
1345 1317 14779 0
379 1750 99157 0
27 1037 90058 0
921 1055 41107 0
352 65 98873 0
1709 1240 48966 0
1882 674 38943 0
156 1050 69662 0
464 1105 32754 0
771 1955 79907 0
1046 1148 60311 0
1223 904 10634 0
1736 908 98232 0
475 44 67652 0
1780 181 35974 0
1578 255 31417 0
299 666 82851 0
1845 174 75534 0
15 1011 69977 0
779 647 90950 0
436 1552 78074 0
97 139 71781 0
489 1282 86821 0
679 1358 85695 0
347 1051 21644 0
885 1361 86990 0
938 1192 59200 0
883 691 67264 0
1440 114 98476 0
1699 662 91156 0
886 956 66500 0
218 513 39292 0
174 566 97281 0
679 61 60915 0
716 401 56528 0
1230 1953 90097 0
58 697 81813 0
212 1795 85717 0
1845 21 89906 0
1152 470 87605 0
1344 1540 2327 0
1429 1134 74788 0
343 1002 46665 0
1650 395 42098 0
47 1122 84870 0
734 589 88773 0
781 1093 84937 0
546 184 75823 0
1240 70 90546 0
1447 421 37619 0
547 1874 54232 0
1271 1792 85904 0
585 1909 80517 0
624 600 81651 0
714 1947 52689 0
1493 1376 62318 0
732 1727 63151 0
1674 176 84703 0
1258 752 65145 0
1806 932 99163 0
1329 885 58789 0
1719 1177 96284 0
813 1336 80200 0
1260 542 87727 0
1661 1355 56409 0
1146 611 32222 0
341 737 56836 0
85 1926 99829 0
1859 476 79782 0
1896 1711 73378 0
518 941 59897 0
1847 527 44607 0
1922 1988 38379 0
1408 629 80924 0
1676 84 31640 0
1749 1117 89672 0
83 818 67139 0
817 821 89783 0
763 1525 83817 0
1458 1163 38516 0
1418 1767 44742 0
365 1702 84803 0
685 1684 48648 0
1196 626 94178 0
747 184 80821 0
70 1835 87332 0
1695 929 95627 0
1864 592 72970 0
251 1325 47913 0
1674 379 6416 0
184 218 16690 0
1444 128 83731 0
187 1879 61161 0
152 1078 5102 0
756 321 46213 0
1440 346 6595 0
871 1492 76368 0
952 348 34653 0
1594 111 47356 0
1447 421 36069 0
378 1326 64091 0
938 1942 38623 0
1095 1022 88027 0
590 1059 76307 0
1559 936 65512 0
900 1553 62539 0
1642 306 95593 0
1460 179 25717 0
1668 97 89334 0
1461 1284 56375 0
600 943 51246 0
224 1841 99085 0
301 1441 41206 0
1136 241 86330 0
1467 1047 64329 0
1349 479 89396 0
593 196 75213 0
1264 1786 90055 0
1723 895 54001 0
1881 1305 79154 0
724 128 57979 0
1592 1139 79777 0
780 1133 45661 0
160 490 55248 0
267 1497 16032 0
475 1006 83562 0
257 1671 86935 0
472 575 83167 0
1004 524 58764 0
709 392 85810 0
1881 1424 35257 0
1839 1851 41331 0
44 1374 36929 0
25 177 76119 0
1920 1816 64849 0
1666 650 63222 0
931 570 87596 0
291 1478 57980 0
1119 1852 64249 0
948 338 51299 0
1379 1528 89819 0
797 383 74977 0
1158 1428 57970 0
453 1604 83436 0
8 150 71597 0
1922 1855 44327 0
952 1519 94787 0
196 922 40503 0
692 1120 97421 0
1079 883 53853 0
308 301 81756 0
1045 1558 32858 0
1773 1981 46155 0
1248 1661 90769 0
1516 999 63515 0
18 391 99174 0
1351 905 94953 0
1532 1558 74432 0
1416 1595 80460 0
831 1913 51799 0
725 1962 74915 0
1129 1718 19212 0
1792 1757 61982 0
1802 1119 83291 0
1145 1646 65884 0
545 1243 90513 0
1157 337 56948 0
884 309 43145 0
347 527 27712 0
633 717 87818 0
685 1848 50807 0
1669 256 87374 0
1849 799 64695 0
487 883 85907 0
291 1980 92262 0
76 77 55402 0
1144 1525 68931 0
925 617 58519 0
453 278 95127 0
1727 920 88883 0
1430 1274 66993 0
1874 364 56251 0
333 1870 73801 0
654 61 21670 0
1284 479 91067 0
1924 24 60879 0
148 1602 72932 0
824 37 40794 0
967 157 88015 0
621 32 76052 0
1104 1860 90325 0
1564 1707 36864 0
1529 1123 92551 0
637 465 46210 0
24 313 18281 0
130 576 96323 0
131 1361 32024 0
1469 908 76789 0
1199 1654 42615 0
347 1649 83324 0
1822 232 41991 0
766 1925 23590 0
961 1642 35030 0
813 199 82837 0
1903 1529 67720 0
894 1457 22819 0
1226 1206 71243 0
62 386 42171 0
1045 1088 56956 0
294 1980 12560 0
1800 1624 27262 0
143 877 94663 0
921 1723 67469 0
1491 994 79206 0
900 535 35893 0
444 1921 96146 0
547 1085 87008 0
1423 1119 77744 0
402 1555 51625 0
923 1011 98607 0
1138 1848 78898 0
1083 1980 80586 0
1481 66 81717 0
1488 726 58903 0
1347 504 88943 0
859 391 88097 0
658 1167 63934 0
63 477 37261 0
1295 1852 74810 0
1498 1620 91644 0
1146 1222 25640 0
688 649 95700 0
150 971 97410 0
1010 1891 25307 0
688 1927 85336 0
1511 1274 49058 0
1582 1914 85331 0
529 223 62153 0
359 1747 79879 0
1228 411 24369 0
77 1865 8936 0
1447 1622 86777 0
1886 1137 77687 0
1336 207 62473 0
1128 1565 97367 0
1927 371 95623 0
1193 360 36815 0
1290 1773 70550 0
603 148 63546 0
1856 923 97852 0
96 194 72430 0
485 1241 78851 0
411 264 80386 0
956 1443 78817 0
414 16 62717 0
251 798 89225 0
556 443 82932 0
1177 535 29150 0
1068 1564 69170 0
686 782 62596 0
1305 1924 42718 0
853 848 97515 0
1332 1110 32766 0
1247 645 50989 0
868 75 27062 0
1937 114 68556 0
1304 1918 78467 0
1154 676 66001 0
199 1460 42186 0
1256 149 98192 0
1353 1458 56617 0
1507 997 76059 0
1260 341 63668 0
885 631 92224 0
1798 826 61023 0
186 230 55381 0
890 1780 86774 0
1507 1316 97700 0
63 1628 52846 0
157 482 94577 0
379 856 90440 0
1017 521 82861 0
1453 151 98484 0
774 1688 63803 0
831 1408 67909 0
69 1402 69497 0
122 12 97857 0
424 810 79206 0
973 225 99377 0
668 1042 62552 0
1851 1502 90559 0
473 461 37540 0
228 319 63030 0
1543 1369 43880 0
994 732 78102 0
498 676 76697 0
976 1700 76460 0
1963 1029 22081 0
323 41 58360 0
1918 1724 45109 0
1757 1503 72517 0
990 1596 62240 0
664 1419 57951 0
248 706 87729 0
1443 1085 62834 0
752 612 7719 0
384 1060 17407 0
1248 1233 63552 0
770 314 82967 0
664 1540 59763 0
121 1291 56732 0
1212 693 76468 0
395 1044 31994 0
909 1865 95161 0
1583 1900 24939 0
190 1361 46252 0
1150 554 78297 0
1703 1908 88330 0
1861 1574 95340 0
54 1413 75735 0
139 1751 96426 0
55 1441 12826 0
1940 828 44548 0
335 1893 67239 0
748 838 80271 0
317 1093 80234 0
1247 907 80851 0
1090 1299 60951 0
1821 152 78224 0
1415 1963 73398 0
656 1155 90967 0
1159 1558 98724 0
614 887 78138 0
510 1666 40113 0
136 3 36120 0
709 44 92721 0
86 285 53602 0
1901 1005 26796 0
357 245 62206 0
563 953 91688 0
1587 977 50227 0
1628 779 52712 0
724 1746 80995 0
875 1403 74295 0
531 1598 86811 0
1279 1551 96868 0
379 29 67760 0
1271 1515 59723 0
516 912 37297 0
933 204 63762 0
411 688 46351 0
1364 1520 56371 0
965 85 94533 0
440 767 95770 0
1812 1641 14344 0
184 1010 91161 0
1368 1409 22681 0
580 1597 92970 0
78 545 76483 0
1561 1905 31399 0
22 215 85257 0
386 937 12958 0
314 1237 97379 0
646 225 84333 0
1180 1162 59881 0
388 978 20414 0
15 669 85628 0
199 699 29673 0
344 666 84385 0
1946 196 56501 0
1442 1283 92130 0
499 1294 47485 0
157 459 85834 0
1767 661 59204 0
1476 1833 68679 0
621 1519 39137 0
536 67 52051 0
1809 674 74014 0
988 411 91159 0
345 1990 85504 0
1742 1579 54822 0
19 199 56545 0
105 217 54433 0
439 537 97691 0
1865 429 96736 0
605 108 59513 0
1210 1979 41738 0
1308 1257 88580 0
1076 70 78586 0
143 392 11794 0
716 601 95640 0
386 1259 8168 0
805 491 83588 0
1068 1015 47426 0
1752 441 72486 0
1319 213 88472 0
1014 73 84440 0
1089 1827 86297 0
103 107 85821 0
1317 1441 63783 0
784 260 71795 0
446 219 91777 0
1375 711 95483 0
1400 179 31364 0
903 1257 69799 0
1847 1492 67878 0
143 1879 99050 0
855 926 82596 0
931 890 79363 0
1907 212 45913 0
1212 1556 85131 0
1381 1531 76338 0
1843 1593 63688 0
1166 1072 20590 0
1679 371 77145 0
1853 1411 75735 0
841 754 36199 0
1338 483 59279 0
751 1765 87163 0
1607 618 39130 0
1003 396 69318 0
876 731 89417 0
1167 731 83535 0
76 437 77225 0
434 633 99535 0
1996 1630 81918 0
1750 1324 81949 0
1655 519 45812 0
38 790 55706 0
1587 872 27137 0
1179 117 65996 0
1330 501 74950 0
533 1661 69936 0
1990 1637 27012 0
1883 1020 77956 0
1045 1138 57913 0
1283 829 52022 0
923 998 42786 0
486 1523 71157 0
1337 1542 97921 0
1371 1490 98283 0
1129 65 60904 0
514 1030 74831 0
1257 284 82612 0
885 445 99471 0
1217 1451 73332 0
422 1554 55647 0
1140 1155 98165 0
1482 1645 49252 0
849 16 80861 0
155 1864 28351 0
1700 332 35043 0
215 942 66485 0
1925 1950 78867 0
1042 511 64801 0
166 421 98820 0
1232 1761 90208 0
1255 757 84375 0
70 1207 43086 0
130 850 95781 0
1229 1593 89342 0
1380 1625 52139 0
701 1204 39302 0
617 652 93485 0
1526 686 44146 0
732 1914 49320 0
1466 421 78712 0
29 572 40122 0
713 1722 56547 0
1503 1102 91317 0
96 356 64777 0
1222 152 37674 0
416 94 10266 0
265 517 78122 0
999 482 69900 0
621 1626 66331 0
1146 1919 97636 0
1211 1401 62809 0
418 556 40708 0
1655 1472 87395 0
676 1154 47430 0
1614 1909 90308 0
497 334 95783 0
1691 1336 98227 0
937 427 45469 0
1458 171 60576 0
1074 1348 24074 0
339 684 32616 0
416 785 82537 0
228 1679 98499 0
1575 26 72238 0
1617 1265 70748 0
576 1303 5261 0
126 38 66091 0
1215 1585 88787 0
1053 129 87673 0
1623 751 15469 0
70 67 96035 0
81 991 85509 0
818 167 66691 0
999 1678 90534 0
317 1191 63938 0
1453 593 51102 0
961 999 65035 0
375 1695 55760 0
1832 723 75728 0
456 1140 52907 0
1967 637 85189 0
1978 1678 86467 0
86 1247 56835 0
37 1757 73801 0
1667 1673 62438 0
663 960 85514 0
722 221 47042 0
1206 933 61571 0
114 567 53643 0
1160 823 41449 0
539 1291 74924 0
1910 1281 94487 0
197 286 99184 0
1740 1604 36512 0
1955 1923 41271 0
411 1795 78015 0
1299 1296 62237 0
1401 1263 64591 0
1523 1272 62796 0
416 1067 81690 0
252 322 87502 0
1742 955 87240 0
56 1544 52413 0
989 485 54788 0
711 1585 77181 0
1940 539 49623 0
371 1602 77008 0
520 1174 93585 0
1127 1128 68902 0
1156 999 38773 0
1406 1708 88684 0
1613 1558 74378 0
1913 75 96168 0
322 1953 67073 0
1184 1466 16179 0
281 434 69155 0
38 163 59096 0
1628 1706 15914 0
1414 511 53488 0
171 26 25248 0
1970 872 88693 0
95 332 44006 0
274 1009 50708 0
691 705 78898 0
348 1264 87166 0
236 1100 85434 0
1847 793 98264 0
589 1378 85732 0
1620 924 77526 0
1485 1936 35297 0
398 54 50006 0
1399 1414 84865 0
1415 285 78183 0
668 197 51935 0
1176 1779 80881 0
1374 80 12311 0
63 1564 49727 0
1700 603 70882 0
497 297 60694 0
1228 879 99296 0
1687 412 90477 0
1686 1293 81564 0
1358 188 73620 0
805 867 14761 0
15 341 79950 0
1431 1188 81424 0
762 1041 85139 0
888 832 58814 0
1248 1805 98901 0
1709 1755 46799 0
229 591 72831 0
1950 513 91799 0
1255 805 92062 0
1398 1312 33274 0
1109 863 96821 0
426 140 38008 0
20 94 29774 0
1570 915 76076 0
543 824 99698 0
747 1345 45302 0
1971 1753 98457 0
1696 218 90917 0
988 1834 99855 0
1352 867 26790 0
376 1647 77886 0
1144 31 73403 0
1304 591 97258 0
404 1701 78305 0
952 1356 52085 0
1863 451 81456 0
1222 164 91262 0
482 518 65117 0
1786 1152 79004 0
659 1799 5723 0
1957 975 98961 0
623 1473 67161 0
1159 1074 14251 0
1506 39 49377 0
428 785 38878 0
59 1967 21086 0
1930 1119 98256 0
1410 242 90899 0
1524 566 47200 0
1269 368 96382 0
148 1084 73168 0
824 1473 71158 0
1625 537 66927 0
1267 1359 86675 0
1946 1342 53445 0
591 1776 64480 0
527 1733 93545 0
1344 1510 67819 0
328 1326 94073 0
511 1877 82386 0
1312 617 41388 0
945 1896 18185 0
658 535 53143 0
1258 1066 51833 0
975 1685 11929 0
91 1761 69590 0
1777 1262 11377 0
833 1041 92435 0
1373 1931 81794 0
585 1869 99159 0
1524 653 98311 0
172 1535 47996 0
1259 651 84144 0
601 422 43963 0
638 1043 67335 0
1780 130 82759 0
1188 1698 70178 0
1057 378 52133 0
36 532 57890 0
182 1579 60715 0
729 1264 87421 0
1724 1431 73718 0
988 96 89080 0
1231 403 62729 0
1819 872 43094 0
1113 799 52869 0
650 1662 91224 0
220 596 95300 0
1062 786 46316 0
68 227 61054 0
672 1063 98242 0
390 1 86427 0
1259 752 50887 0
1357 1285 75987 0
1358 947 85502 0
1078 539 30342 0
745 1251 88507 0
915 1248 96687 0
1296 1884 64256 0
1034 36 74434 0
953 1174 99625 0
599 1867 83904 0
682 855 58327 0
804 201 59716 0
1036 1554 42467 0
1260 1631 88973 0
1777 844 44610 0
291 865 88743 0
211 587 50809 0
1233 161 83950 0
1646 713 64780 0
758 1821 54477 0
311 1535 30773 0
1811 613 72776 0
1300 110 84236 0
689 762 74796 0
854 680 98341 0
1851 1965 31984 0
726 1135 79519 0
756 419 35565 0
851 565 39303 0
1332 1941 96931 0
609 841 94735 0
1164 1394 44179 0
142 684 27220 0
1022 61 80463 0
1455 489 63136 0
1735 1631 60156 0
783 1298 23875 0
743 1918 89564 0
1066 282 99926 0
1922 492 25958 0
44 809 88991 0
1303 1218 27072 0
930 1543 99832 0
1827 106 84895 0
294 370 80918 0
1796 485 90949 0
270 1155 95727 0
1312 493 58409 0
591 1097 96981 0
767 1243 33611 0
1611 1111 53323 0
846 414 56818 0
1902 142 72617 0
791 1247 84933 0
447 1312 9870 0
337 537 59176 0
1020 875 87546 0
1314 84 86420 0
565 1644 61625 0
1960 748 35266 0
1519 837 63633 0
1329 508 42064 0
162 252 57214 0
140 80 55663 0
1748 1652 86328 0
218 255 61016 0
733 523 88045 0
743 809 83591 0
181 608 92546 0
1986 1728 31563 0
1865 909 88469 0
356 507 88471 0
412 691 88240 0
1961 228 68539 0
1756 1795 31429 0
1888 1336
